20000.0
20000.0
20000.0
20000.0
20000.0
20000.0
20000.0
20000.0
20000.0
20000.0
20000.0
20000.0
20000.0
20000.0
20000.0
20000.0
20000.0
20000.0
20000.00390625
20000.0
20000.0
19999.998046875
20000.0
20000.0
20000.0
20000.0
20000.0
20000.0
20000.0
20000.0
20000.0
20000.0
20000.0
20000.0
20000.0
20000.0
20000.0
19999.66796875
20000.0
19999.9921875
20000.0
19568.2109375
18715.3046875
18009.16796875
17389.587890625
16854.4765625
16349.0537109375
15880.2216796875
15464.4853515625
15071.203125
14720.8271484375
14391.2841796875
14086.3876953125
13829.16015625
13562.6064453125
13322.693359375
13092.517578125
12884.1083984375
12682.9482421875
12492.0234375
12319.595703125
12148.65234375
11993.328125
11843.2587890625
11702.166015625
11581.578125
11454.8798828125
11338.71484375
11225.7861328125
11122.7177734375
11022.134765625
10926.787109375
10839.4130859375
10753.96875
10675.275390625
10597.568359375
10523.58203125
10458.7177734375
10389.9775390625
10324.9609375
10257.9306640625
10192.5126953125
10122.8837890625
10047.2802734375
9967.771484375
9881.130859375
9792.85546875
9697.1337890625
9597.55859375
9512.8056640625
9412.44921875
9312.2734375
9190.642578125
9066.41796875
8925.4365234375
8629.9921875
8354.892578125
8060.244140625
7773.05078125
7486.8701171875
7218.50439453125
6988.791015625
6748.42333984375
6528.1513671875
6302.56494140625
6097.45068359375
5901.5224609375
5718.10400390625
5549.91455078125
5390.00244140625
5244.18017578125
5097.5966796875
4955.8720703125
4831.8505859375
4700.6865234375
4580.5146484375
4460.18408203125
4348.84423828125
4237.740234375
4130.0009765625
4028.496337890625
3926.89794921875
3831.935546875
3737.087158203125
