20000.0
20000.0
20000.0
20000.0
20000.0
20000.0
20000.0
20000.0
20000.0
20000.0
20000.0
20000.0
20000.0
20000.0
20000.0
20000.0
20000.0
20000.0
20000.0
20000.0
19991.560546875
20000.00390625
20000.0
20000.0
20000.0
20000.0
20000.0
20000.0
20000.0
20000.0
20000.0
20000.0
20000.0
20000.0
20000.0
20000.0
20000.0
20000.0
20000.0
20000.0
20000.0
20000.0
18739.845703125
17724.1171875
16915.744140625
16350.990234375
15860.966796875
15417.171875
15015.55078125
14630.9462890625
14277.0234375
13939.4501953125
13624.4638671875
13353.572265625
13073.0
12820.3095703125
12577.5771484375
12357.4755859375
12143.701171875
11943.2822265625
11760.1708984375
11582.759765625
11420.431640625
11263.0361328125
11113.853515625
10985.1513671875
10850.279296875
10726.5458984375
10604.630859375
10492.267578125
10380.5322265625
10273.6640625
10174.927734375
10077.412109375
9986.857421875
9897.7978515625
9812.63671875
9738.82421875
9660.337890625
9587.4306640625
9515.9521484375
9449.875
9384.841796875
9322.6103515625
9264.8505859375
9207.658203125
9154.619140625
9102.2373046875
9052.3193359375
9008.912109375
8963.0078125
8918.77734375
8874.048828125
8832.353515625
8791.07421875
8751.2294921875
8714.1630859375
8677.0302734375
8641.974609375
8606.177734375
8570.361328125
8538.5341796875
8503.498046875
8469.3798828125
8433.9853515625
8399.34765625
8362.51171875
8325.033203125
8288.0498046875
8249.515625
8212.2080078125
8172.8720703125
8131.79736328125
8092.671875
8046.634765625
7993.583984375
7935.5625
7878.64208984375
7818.95703125
7758.07275390625
7698.35595703125
7637.9775390625
7583.03564453125
7525.3388671875
