20000.0
20000.0
20000.0
20000.0
20000.0
20000.0
20000.0
20000.0
20000.0
20000.0
20000.0
20000.0
20000.0
20000.0
20000.0
20000.0
20000.0
20000.0
20000.0
20000.0
20000.0
20000.0
19999.91796875
20000.0
20000.0
20000.0
19999.9765625
20000.0
20000.0
20000.0
20000.0
20000.0
20000.0
20000.0
20000.0
20000.0
20000.0
19999.994140625
20000.0
20000.0
19176.185546875
18250.400390625
17335.009765625
16460.296875
15585.8310546875
14883.80859375
14307.7119140625
13857.345703125
13469.3388671875
13109.4990234375
12797.1865234375
12511.642578125
12257.7939453125
12025.265625
11775.5595703125
11542.0439453125
11312.955078125
11103.55078125
10900.0693359375
10708.71875
10540.263671875
10379.130859375
10226.2275390625
10074.10546875
9929.3349609375
9804.3994140625
9672.9033203125
9551.7451171875
9432.91796875
9323.3759765625
9215.4375
9113.279296875
9018.740234375
8925.693359375
8839.69140625
8754.634765625
8673.0322265625
8602.3330078125
8527.453125
8457.8779296875
8388.580078125
8323.947265625
8260.6533203125
8199.8359375
8142.8662109375
8086.0205078125
8033.21044921875
7979.98046875
7928.720703125
7883.97900390625
7836.10107421875
7790.4140625
7745.1220703125
7702.6513671875
7660.26953125
7619.33740234375
7581.0341796875
7542.8291015625
7507.0322265625
7471.47265625
7437.2880859375
7407.35595703125
7375.3134765625
7345.28662109375
7315.24853515625
7287.23291015625
7259.0078125
7231.89501953125
7206.3603515625
7180.92333984375
7157.15380859375
7133.1884765625
7109.9560546875
7089.58642578125
7067.85107421875
7046.93310546875
7025.89013671875
7006.19921875
6986.349609375
6967.06396484375
6948.80712890625
6930.60791015625
6913.2041015625
6895.4609375
