20000.0
20000.0
20000.0
20000.0
20000.0
20000.0
20000.0
20000.0
20000.0
20000.0
20000.0
20000.0
20000.0
20000.0
20000.0
20000.0
20000.0
20000.0
20000.0
20000.0
20000.0
20000.0
19999.904296875
20000.0
19999.837890625
19999.634765625
20000.0
19999.9609375
20000.0
20000.0
20000.015625
20000.0
20000.0
20000.0
20000.0
20000.0
20000.0
20000.0
20000.0
20000.001953125
20000.0
20000.0
19537.125
18401.990234375
17550.30859375
16740.01953125
15957.703125
15187.7568359375
14542.689453125
14014.37890625
13581.0576171875
13219.3037109375
12877.048828125
12562.115234375
12300.9501953125
12041.34765625
11818.7353515625
11593.7685546875
11379.73828125
11163.474609375
10955.025390625
10764.50390625
10578.37890625
10408.033203125
10241.794921875
10090.1728515625
9964.1337890625
9826.4482421875
9696.4384765625
9567.654296875
9448.2421875
9330.4892578125
9218.1826171875
9114.4384765625
9012.3564453125
8917.6884765625
8824.314453125
8735.396484375
8658.2841796875
8576.67578125
8501.1318359375
8426.1728515625
8356.3046875
8287.0849609375
8220.50390625
8158.75634765625
8097.24609375
8039.83154296875
7982.654296875
7927.46533203125
7879.72998046875
7828.87109375
7781.20458984375
7733.3505859375
7688.5908203125
7643.83056640625
7600.7197265625
7559.931640625
7519.18115234375
7480.9462890625
7442.2529296875
7404.58984375
7371.576171875
7336.17333984375
7303.00634765625
7269.87109375
7238.8369140625
7207.75830078125
7177.6591796875
7149.44091796875
7121.45361328125
7095.18505859375
7068.77490234375
7043.30810546875
7020.8486328125
6996.75537109375
6974.12353515625
6951.2890625
6929.9580078125
6908.47900390625
6887.6376953125
6868.158203125
6848.54345703125
6829.96630859375
6811.2822265625
