20000.0
20000.0
20000.0
20000.0
20000.0
20000.0
20000.0
20000.0
20000.0
20000.0
20000.0
20000.0
20000.0
20000.0
20000.0
20000.0
20000.0
20000.0
20000.0
20000.0
20000.0
20000.0
20000.0
20000.0
20000.0
19999.734375
20000.0
19999.974609375
20000.0
19999.93359375
20000.0
20000.0
20000.0
20000.0
20000.0
20000.0
20000.0
20000.0
20000.0
19950.08984375
19090.33203125
18362.4296875
17762.486328125
17183.3125
16761.154296875
16201.419921875
15512.5263671875
14937.4609375
14444.33203125
13991.48828125
13530.64453125
13121.6162109375
12731.7490234375
12369.18359375
12051.0966796875
11726.81640625
11451.912109375
11200.3828125
10990.8984375
10786.28515625
10586.2021484375
10392.3466796875
10195.69140625
10012.03515625
9834.3251953125
9676.90234375
9548.728515625
9425.3251953125
9306.2587890625
9174.546875
9044.3330078125
8915.5634765625
8793.388671875
8681.25390625
8571.4072265625
8470.5576171875
8371.2529296875
8276.337890625
8193.94140625
8106.39306640625
8025.013671875
7944.2734375
7869.5
7801.10400390625
7733.68017578125
7669.64013671875
7605.03662109375
7544.09423828125
7481.89501953125
7421.10791015625
7367.810546875
7310.787109375
7257.50244140625
7204.33447265625
7154.69189453125
7105.2470703125
7057.61474609375
7012.94287109375
6968.49072265625
6926.98095703125
6885.58984375
6845.54833984375
6810.4521484375
6772.88623046875
6737.6328125
6702.5078125
6669.53125
6636.51416015625
6604.50927734375
6574.474609375
6544.38037109375
6516.1455078125
6487.96044921875
6460.58349609375
6436.5390625
6410.673828125
6386.353515625
6361.89208984375
6338.83154296875
6315.716796875
6293.24072265625
6272.06201171875
6250.77587890625
6230.7646484375
6210.64404296875
