20000.0
20000.0
20000.0
19999.998046875
19999.99609375
20000.0
20000.0
20000.0
20000.0
20000.0
20000.0
20000.0
20000.0
20000.0
20000.0
20000.0
20000.0
20000.0
20000.0
20000.0
20000.0
20000.0
20000.0
20000.0
20000.0
19999.9296875
20000.0
20000.0
20000.0
20000.0
20000.0
20000.0
20000.0
20000.0
20000.0
20000.0
19999.998046875
20000.0
19893.96875
19231.8046875
18615.359375
17867.236328125
17218.052734375
16679.251953125
16173.890625
15723.80078125
15288.5791015625
14945.6201171875
14648.3369140625
14318.705078125
13804.765625
13327.4091796875
12977.7802734375
12709.509765625
12438.541015625
12164.5361328125
11870.5595703125
11597.873046875
11337.3486328125
11096.1669921875
10861.654296875
10630.34375
10426.91015625
10238.546875
10067.181640625
9923.615234375
9780.302734375
9645.4130859375
9505.509765625
9368.4453125
9225.2763671875
9082.44921875
8945.431640625
8806.6806640625
8682.8720703125
8568.7216796875
8472.0498046875
8390.4619140625
8302.7333984375
8219.7626953125
8128.9150390625
8036.7451171875
7942.56494140625
7851.98291015625
7768.40869140625
7686.5224609375
7610.923828125
7535.240234375
7463.7626953125
7401.90576171875
7336.20654296875
7275.0888671875
7214.39697265625
7157.73291015625
7101.21533203125
7046.38037109375
6994.74169921875
6943.10986328125
6894.56982421875
6845.91162109375
6798.61328125
6757.06103515625
6712.44384765625
6670.37841796875
6628.22900390625
6588.6748046875
6548.90234375
6510.453125
6474.42578125
6438.4052734375
6406.6923828125
6375.74609375
6344.7001953125
6316.5693359375
6285.7294921875
6256.37548828125
6226.57568359375
6198.396484375
6170.10009765625
6142.318359375
6115.79736328125
6088.7255859375
6063.1767578125
6037.44091796875
