20000.0
20000.0
20000.0
20000.0
19999.998046875
20000.0
20000.0
20000.0
20000.0
20000.0
20000.0
20000.0
20000.0
20000.0
20000.0
20000.0
20000.0
20000.0
20000.0
20000.0
20000.0
20000.0
20000.0
20000.0
20000.0
20000.0
20000.0
19999.47265625
20000.0
20000.0
20000.0
20000.0
20000.0
20000.0
20000.0
20000.0
20000.0
20000.0
19591.6015625
18948.412109375
18371.13671875
17903.6328125
17416.0390625
16971.552734375
16533.677734375
16016.634765625
15512.44140625
15098.4794921875
14732.625
14376.748046875
14050.4931640625
13731.0224609375
13435.685546875
13228.2021484375
13005.1484375
12795.2548828125
12502.1943359375
12170.5302734375
11854.521484375
11624.5302734375
11442.45703125
11254.7275390625
11080.4912109375
10884.044921875
10678.162109375
10496.609375
10299.916015625
10123.7607421875
9953.3076171875
9790.2900390625
9625.552734375
9471.9951171875
9337.73828125
9211.830078125
9096.2900390625
8984.07421875
8882.0380859375
8792.69140625
8693.9892578125
8597.11328125
8496.0810546875
8397.5634765625
8295.388671875
8193.662109375
8094.95458984375
7992.693359375
7896.79248046875
7805.828125
7725.599609375
7661.58935546875
7594.53857421875
7531.4423828125
7467.69775390625
7407.203125
7346.43408203125
7282.6552734375
7217.58056640625
7150.02783203125
7086.5
7023.3984375
6963.10693359375
6910.82421875
6855.40185546875
6803.97412109375
6752.9619140625
6705.53955078125
6658.35205078125
6612.86376953125
6570.38623046875
6526.943359375
6486.77001953125
6446.693359375
6407.8896484375
6373.81494140625
6337.1796875
6302.70849609375
6268.158203125
6235.68017578125
6203.0380859375
6171.22021484375
6141.087890625
6110.66943359375
6081.890625
6052.783203125
