20000.0
20000.0
20000.0
20000.0
20000.0
20000.0
20000.0
20000.0
20000.0
20000.0
20000.0
20000.0
20000.0
20000.0
20000.0
20000.0
20000.0
20000.0
20000.0
20000.0
20000.0
20000.0
20000.0
20000.0
20000.0
20000.0
19999.791015625
20000.0
19999.796875
20000.0
20000.0
20000.0
20000.0
20000.0
20000.0
20000.0
20000.0
19392.44921875
18756.0078125
18155.53515625
17615.177734375
17168.140625
16714.505859375
16306.6142578125
15914.4697265625
15558.501953125
15217.1416015625
14903.74609375
14606.76171875
14310.2861328125
14035.4677734375
13761.0078125
13469.7412109375
13142.591796875
12852.64453125
12599.2099609375
12354.0908203125
12138.669921875
11934.48046875
11742.5283203125
11564.94921875
11387.17578125
11245.626953125
11109.9130859375
10978.0224609375
10856.4560546875
10725.9677734375
10537.1298828125
10301.740234375
10110.7490234375
9962.615234375
9850.3115234375
9743.2412109375
9624.927734375
9515.0966796875
9397.75390625
9270.978515625
9154.3701171875
9024.4033203125
8898.0244140625
8776.1201171875
8672.478515625
8575.005859375
8480.5107421875
8387.7724609375
8294.7744140625
8209.5751953125
8127.59423828125
8050.2236328125
7986.85009765625
7920.96435546875
7858.708984375
7794.9921875
7732.61962890625
7667.16796875
7601.19775390625
7537.17919921875
7470.5380859375
7405.79345703125
7339.564453125
7273.791015625
7213.830078125
7145.86328125
7079.16845703125
7011.10693359375
6948.26806640625
6890.72705078125
6838.4326171875
6790.27734375
6741.77197265625
6695.7685546875
6649.3173828125
6603.95361328125
6563.9482421875
6520.77734375
6479.9462890625
6438.7294921875
6399.81201171875
6360.5615234375
6322.27978515625
6286.16796875
6247.87548828125
6208.5732421875
6167.35546875
