25400.0
25400.0
25400.0
25400.0
25400.0
25400.0
25400.0
25400.0
25400.0
25400.0
25400.0
25400.0
25400.0
25400.0
25400.0
25400.0
25400.0
25400.0
37317.05078125
55923.51953125
72557.3125
87206.6484375
99295.078125
109337.7578125
117157.703125
123385.21875
128024.0390625
131657.8125
134964.921875
137229.90625
139159.515625
140669.6875
141913.34375
142986.890625
144033.953125
147483.78125
148585.640625
146497.296875
152117.25
158902.90625
165646.59375
166048.8125
161585.34375
157967.609375
154469.328125
151353.53125
148163.046875
145152.84375
142401.078125
139738.34375
137384.578125
135094.390625
132962.046875
131149.40625
129309.09375
127634.515625
126006.828125
124515.625
123059.7890625
121661.953125
120404.6875
119224.234375
118138.1171875
117072.375
116058.671875
115184.7421875
114261.0546875
113409.6015625
112581.1015625
111827.046875
111095.84375
110409.28125
109788.125
109192.6640625
108658.09375
108147.234375
107667.953125
107273.984375
106879.2109375
106540.640625
106234.2578125
105979.3984375
105766.3046875
105679.8359375
105675.28125
105723.9140625
105799.015625
105889.9296875
105988.5859375
106008.671875
106097.5859375
106204.5859375
106410.4921875
106607.296875
106853.5390625
107953.4375
108832.6953125
109723.3671875
110545.4921875
111264.9609375
111808.0546875
112186.5859375
112496.1875
112700.1171875
112924.890625
113068.4296875
113107.7890625
113069.015625
112978.3515625
112919.0
112959.2890625
113137.8828125
113237.7421875
113275.203125
113251.3125
113167.703125
113031.9296875
112868.796875
112682.6328125
112491.8515625
112299.2421875
112086.8828125
111869.890625
111635.71875
