25400.0
25400.0
25400.0
25400.0
25400.0
25400.0
25400.0
25400.0
25400.0
25400.0
25400.0
25400.0
25400.0
25400.0
25400.0
25400.0
25400.0
25400.0
25400.0
28421.78515625
46545.0859375
64313.734375
79760.6953125
93621.6015625
104374.78125
113768.984375
121334.15625
127404.4765625
132170.375
135507.640625
138321.765625
140437.890625
142427.109375
143914.015625
145045.890625
145953.640625
147328.359375
150872.75
151810.140625
149024.921875
156831.046875
163996.671875
159116.3125
155668.859375
153670.296875
152553.703125
151160.984375
149407.875
147469.453125
145237.96875
143110.09375
140946.625
138898.296875
137159.96875
135322.1875
133605.21875
131938.625
130418.46875
128928.7265625
127518.2109375
126216.484375
124944.890625
123787.9609375
122648.9609375
121563.8046875
120622.671875
119631.7578125
118719.7578125
117818.3671875
116984.03125
116144.6015625
115338.3671875
114592.6484375
113861.8515625
113192.4921875
112530.234375
111891.5234375
111334.0859375
110738.796875
110184.1796875
109640.03125
109138.46875
108646.7421875
108178.453125
107745.7890625
107319.859375
106927.2734375
106542.9296875
106181.6796875
105872.1015625
105546.71875
105266.1953125
104996.9921875
104749.46875
104509.453125
104284.6953125
104082.25
103883.3515625
103706.828125
103540.1484375
103388.4453125
103266.59375
103150.3671875
103053.078125
102971.4921875
102910.96875
102861.6640625
102827.921875
102809.9765625
102797.09375
102788.8125
102799.1640625
102830.0546875
102877.2578125
102963.5859375
103149.0390625
103334.984375
103501.171875
103666.8515625
103828.3125
103970.5625
104083.96875
104159.71875
104251.2734375
