25400.0
25400.0
25400.0
25400.0
25400.0
25400.0
25400.0
25400.0
25400.0
25400.0
25400.0
25400.0
25400.0
25400.0
25400.0
25400.0
25400.0
25400.0
25400.0
25400.0
31035.435546875
49780.921875
67931.828125
83804.8828125
96389.1015625
107951.4453125
117181.671875
125396.71875
131840.265625
136673.96875
140826.203125
143902.734375
146203.265625
147778.875
148918.328125
149795.1875
151612.90625
155226.53125
156133.296875
153430.015625
152348.640625
147843.59375
143864.5
141362.78125
139862.5
139846.28125
140338.359375
140587.234375
141004.40625
141298.078125
141243.8125
140671.046875
139606.734375
138528.96875
137218.546875
135928.09375
134580.875
133290.671875
131992.96875
130738.0078125
129526.0390625
128312.0
127220.875
126142.71875
125118.0703125
124228.9140625
123282.9140625
122396.4296875
121513.6953125
120687.421875
119860.109375
119065.546875
118321.453125
117581.359375
116891.9609375
116205.53125
115542.375
114964.484375
114350.953125
113781.0
113213.3515625
112683.2265625
112148.4296875
111632.953125
111153.6796875
110678.9609375
110237.03125
109805.4765625
109388.734375
109022.671875
108627.7265625
108244.9921875
107864.5859375
107507.875
107151.7421875
106808.015625
106486.7578125
106167.046875
105868.3359375
105572.8984375
105290.8046875
105045.3359375
104784.234375
104540.9921875
104299.359375
104075.7890625
103852.625
103640.3828125
103442.875
103248.8359375
103070.4609375
102893.4296875
102724.4453125
102578.2734375
102423.015625
102283.6171875
102145.90625
102019.3125
101893.8046875
101774.46875
101664.3125
101559.0234375
101462.4453125
101367.9296875
