25400.0
25400.0
25400.0
25400.0
25400.0
25400.0
25400.0
25400.0
25400.0
25400.0
25400.0
25400.0
25400.0
25400.0
25400.0
25400.0
25400.0
25400.0
25400.0
25400.0
25400.0
25400.0
33145.43359375
52240.96875
69962.0703125
84682.640625
97241.4296875
108279.1953125
117560.40625
125599.5859375
131637.296875
136846.078125
141020.8125
144317.109375
146680.625
148414.890625
149654.296875
150505.515625
151285.390625
155887.015625
156450.875
155553.5
151475.78125
147721.125
143790.109375
140590.640625
138590.484375
137239.453125
137466.65625
138099.46875
138532.203125
138904.328125
139412.921875
139741.4375
139771.828125
139349.328125
138517.828125
137441.015625
136302.796875
135120.875
133917.375
132753.953125
131573.3125
130460.65625
129347.703125
128234.4765625
127239.5
126218.6875
125279.2421875
124355.796875
123497.3359375
122642.84375
121816.5078125
121040.0703125
120265.25
119535.859375
118805.109375
118099.734375
117481.140625
116819.1640625
116200.90625
115583.3046875
115003.65625
114425.765625
113867.3046875
113347.3671875
112828.4921875
112343.71875
111861.1328125
111395.53125
110982.4453125
110538.6796875
110125.03125
109713.2734375
109330.46875
108949.6328125
108580.78125
108241.3125
107901.3515625
107580.265625
107250.25
106926.4921875
106642.28125
106337.484375
106052.1171875
105767.734375
105502.171875
105237.2578125
104981.6875
104743.140625
104508.203125
104289.671875
104071.4296875
103862.421875
103679.46875
103484.765625
103303.5234375
103122.328125
102954.875
102788.5078125
102629.28125
102483.03125
102338.5703125
102203.890625
102070.78125
