25400.0
25400.0
25400.0
25395.66796875
25283.021484375
25283.021484375
25283.021484375
25283.021484375
25283.021484375
25283.021484375
25283.021484375
25283.021484375
25283.021484375
25283.021484375
25283.021484375
25283.021484375
25283.021484375
25283.021484375
25283.021484375
25283.021484375
25283.021484375
25283.021484375
25283.021484375
36812.6875
54656.75
70748.90625
85539.5390625
97512.6640625
108982.375
119047.6015625
126266.6875
132876.578125
138538.125
143165.71875
146627.859375
149235.359375
151146.625
152551.375
153615.6875
156790.984375
150890.953125
146012.78125
142202.046875
138449.5625
134768.03125
132093.015625
130631.265625
128685.9453125
126871.109375
125402.2890625
124390.3046875
124292.0859375
124303.5859375
124636.1953125
125177.4921875
125863.625
126416.9921875
126972.734375
127307.875
127711.28125
128222.953125
128769.578125
129214.734375
129520.0625
129581.8359375
129336.0
128913.2578125
128207.765625
127511.9453125
126862.3359375
126218.7421875
125539.109375
124849.1953125
124178.65625
123487.75
122825.828125
122153.6875
121497.40625
120918.0546875
120292.796875
119703.0859375
119109.9609375
118547.171875
117938.1171875
117363.4453125
116826.109375
116289.2890625
115789.109375
115304.7265625
114840.203125
114432.1953125
113992.1875
113576.3515625
113155.8984375
112757.9453125
112356.734375
111965.4609375
111593.3125
111218.328125
110864.7734375
110509.4375
110162.875
109856.7421875
109526.4609375
109214.4296875
108901.6171875
108606.6875
108309.8203125
108020.5546875
107747.796875
107473.4140625
107215.1796875
106956.59375
106704.96875
106483.4140625
106244.5
106019.2265625
105792.2734375
105578.1875
105363.734375
105155.6796875
104960.0546875
104763.9296875
104580.15625
104396.1796875
