25400.0
25400.0
25400.0
25383.443359375
25215.828125
25215.826171875
25215.826171875
25215.826171875
25215.826171875
25215.826171875
25215.826171875
25215.826171875
25215.826171875
25215.826171875
25215.826171875
25215.826171875
25215.826171875
25215.826171875
25215.826171875
25215.826171875
25215.826171875
25215.826171875
25215.826171875
31920.841796875
48352.6328125
64643.375
79363.5
92254.5234375
103452.4765625
112972.0703125
122194.3515625
129373.0703125
135611.484375
140888.765625
145399.78125
148865.625
151288.796875
153056.078125
153530.140625
149571.078125
146019.5625
143085.21875
139669.359375
136640.40625
133829.3125
131403.21875
129155.3828125
126887.4140625
124732.765625
122897.4140625
122392.59375
121601.203125
120329.5390625
119509.28125
118785.375
118663.875
118722.734375
118819.5390625
118760.09375
118915.1015625
119277.140625
119712.8125
120133.328125
120498.2265625
120869.1328125
121181.328125
121417.40625
121715.5625
122106.21875
122540.4140625
123011.421875
123416.4140625
123765.2578125
124006.015625
124059.21875
123914.9140625
123549.4140625
123162.6015625
122704.96875
122241.453125
121805.1875
121422.453125
121029.953125
120625.328125
120220.953125
119792.140625
119368.265625
118914.9609375
118459.2734375
118049.375
117599.3125
117168.3515625
116728.8125
116309.21875
115884.3671875
115468.734375
115075.6640625
114679.1484375
114303.640625
113924.4140625
113553.34375
113224.734375
112869.0546875
112531.578125
112190.703125
111868.359375
111542.3125
111220.96875
110912.515625
110601.703125
110288.875
109969.734375
109667.828125
109407.546875
109130.8359375
108871.7421875
108611.015625
108365.25
108118.609375
107877.4921875
107653.6640625
107430.96875
107220.96875
107008.046875
