25400.0
25400.0
25400.0
25311.673828125
25082.150390625
25082.1484375
25082.1484375
25082.1484375
25082.1484375
25082.1484375
25082.1484375
25082.1484375
25082.1484375
25082.1484375
25082.1484375
25082.1484375
25082.1484375
25082.1484375
25105.794921875
25116.658203125
25119.451171875
25117.87109375
25117.330078125
25119.041015625
29006.7578125
43760.36328125
58308.69140625
73307.4453125
85947.9296875
96589.359375
106973.3359375
116128.03125
124925.96875
131732.765625
137530.40625
142389.375
146518.9375
149858.078125
149383.421875
146816.5
144279.296875
141945.546875
139449.953125
137161.265625
134877.671875
132851.5625
130794.515625
128725.4296875
126913.0625
125245.265625
123774.203125
122368.203125
121062.6875
119739.859375
118366.46875
117139.9921875
116448.8203125
116664.9765625
117011.1484375
116441.546875
115742.734375
115208.0625
114726.1640625
114681.171875
114712.296875
114863.6015625
114941.4375
114971.046875
115104.03125
115331.28125
115599.2109375
115868.5078125
116088.3515625
116309.0859375
116534.875
116757.8828125
116895.3046875
117052.7890625
117287.40625
117562.875
117885.0546875
118224.390625
118555.8359375
118860.65625
119143.09375
119387.703125
119545.3984375
119572.6640625
119461.4453125
119259.71875
118995.6875
118718.5703125
118415.484375
118106.7578125
117779.40625
117479.7890625
117225.140625
116969.34375
116716.53125
116445.1796875
116165.015625
115905.640625
115612.40625
115324.3203125
115023.6640625
114730.78125
114426.84375
114122.3984375
113828.078125
113517.4765625
113217.7734375
112911.515625
112609.515625
112340.2109375
112046.34375
111765.96875
111480.9296875
111209.640625
110933.953125
110663.375
110406.421875
110146.8515625
109901.265625
109652.953125
