25400.0
25400.0
25400.0
25321.29296875
25062.783203125
25062.783203125
25062.783203125
25062.783203125
25062.783203125
25062.783203125
25062.783203125
25062.783203125
25062.783203125
25062.783203125
25062.783203125
25062.783203125
25062.783203125
25062.783203125
25062.783203125
25062.783203125
25067.560546875
25089.357421875
25092.6328125
25093.0390625
25094.5390625
27180.630859375
39765.25
54561.65625
69306.3515625
80701.8671875
92470.7421875
102865.3984375
112362.6640625
120569.546875
128552.3359375
135023.234375
140279.03125
140529.046875
139815.828125
138916.1875
137728.8125
136499.625
135041.6875
133583.828125
132059.8125
130590.3359375
129080.640625
127616.6953125
126282.9296875
124982.734375
123790.203125
122588.0
121472.7109375
120683.296875
119669.1328125
118710.84375
117767.0703125
116976.9765625
116418.5859375
115878.6640625
115353.90625
114848.34375
114181.0546875
113433.46875
112739.3359375
112222.34375
111679.1640625
111949.828125
112567.3515625
112673.1953125
112282.265625
111632.515625
111168.9921875
110856.2265625
110532.875
110371.171875
110349.78125
110409.3359375
110579.828125
110720.4375
110726.453125
110669.5234375
110628.125
110667.609375
110755.109375
110866.546875
110972.9140625
111078.3984375
111188.265625
111236.890625
111274.390625
111337.9453125
111440.5546875
111571.0703125
111735.0390625
111923.6015625
112125.265625
112351.40625
112576.8515625
112791.1640625
113003.53125
113199.6484375
113417.265625
113611.0078125
113779.84375
113882.0234375
113894.359375
113842.140625
113767.546875
113674.6015625
113571.1875
113449.2421875
113311.359375
113177.515625
113020.84375
112862.046875
112691.5078125
112521.7734375
112342.125
112159.078125
111979.71875
111808.0546875
111667.5234375
111532.4375
