25400.0
25400.0
25400.0
25400.0
25400.0
25400.0
25400.0
25400.0
25400.0
25400.0
25400.0
25400.0
25400.0
25400.0
25400.0
25400.0
25400.0
25400.0
25400.0
25400.0
25400.0
25400.0
25400.0
25400.0
25400.0
25400.0
25400.0
30061.673828125
46501.84375
57507.5625
65892.421875
72178.6015625
77683.4921875
81916.5390625
85121.25
88536.4375
91471.609375
94207.9453125
96416.3046875
98468.640625
103459.3203125
109652.6640625
117093.09375
125271.9765625
134525.359375
143576.9375
151646.609375
160474.96875
168180.640625
175278.53125
182197.703125
183480.171875
175506.21875
169058.40625
163815.09375
160221.921875
156679.859375
154161.90625
152519.21875
151727.65625
151477.921875
151337.09375
151051.609375
151316.625
150747.875
149697.328125
148478.0
147285.265625
145610.921875
143833.28125
142237.984375
140346.578125
138416.5625
136417.375
134401.265625
132373.9375
130445.75
128629.109375
126834.6171875
125161.703125
123508.671875
121941.578125
120573.6640625
119138.7265625
117839.5
116586.09375
115469.8203125
114408.078125
113418.8125
112523.296875
111659.0390625
110876.1640625
110120.6328125
109407.5234375
108818.9609375
108210.8046875
107666.5703125
107149.9921875
106712.0546875
106316.7265625
105971.1640625
105677.1484375
105541.7109375
105716.40625
105847.1328125
105974.625
106090.328125
106206.1640625
106300.3515625
106376.6640625
106437.1328125
106492.703125
106556.1640625
106616.921875
106670.3515625
106708.234375
106730.4375
106728.1015625
106713.1484375
106685.0703125
106646.953125
106600.7421875
106582.6328125
106558.984375
106510.546875
106444.1015625
106359.171875
106264.75
106157.9921875
