25400.0
25400.0
25400.0
25400.0
25400.0
25400.0
25400.0
25400.0
25400.0
25400.0
25400.0
25400.0
25400.0
25400.0
25400.0
25400.0
25400.0
25400.0
25400.0
25400.0
25400.0
25400.0
25400.0
25400.0
31539.134765625
47553.44921875
58683.97265625
66954.109375
73451.7421875
78901.34375
83009.921875
86687.359375
89909.9140625
92913.078125
95422.6484375
97842.3671875
100184.5234375
102194.4375
103714.421875
107464.3984375
112172.0703125
119005.8125
125280.734375
133555.9375
141474.609375
149467.203125
156836.90625
164018.453125
171013.421875
177173.40625
181198.0625
173752.59375
167924.90625
162803.859375
159717.296875
155965.203125
153768.46875
152254.546875
151107.90625
150383.953125
150094.546875
150375.1875
150673.875
150719.15625
150712.875
150752.328125
150155.484375
149067.25
147902.609375
146677.03125
145128.1875
143394.296875
141722.875
140065.46875
138224.3125
136430.875
134587.0625
132660.65625
130995.328125
129236.34375
127627.09375
126018.328125
124529.328125
123053.6875
121666.40625
120387.859375
119139.34375
117998.8125
116889.0
115844.0234375
114951.125
114021.578125
113174.8046875
112346.53125
111589.2265625
110849.578125
110155.390625
109523.3828125
108910.0859375
108349.640625
107805.390625
107293.6640625
106854.7578125
106397.4140625
105980.9140625
105576.59375
105208.0390625
104851.9453125
104520.703125
104223.484375
103939.484375
103699.25
103485.6015625
103303.2265625
103159.8515625
103023.8359375
103037.7578125
103284.2109375
103492.453125
103686.9921875
103876.5390625
104049.5
104208.796875
104342.2265625
104459.015625
