25400.0
25400.0
25400.0
25400.0
25400.0
25400.0
25400.0
25400.0
25400.0
25400.0
25400.0
25400.0
25400.0
25400.0
25400.0
25400.0
25400.0
25400.0
25400.0
25400.0
25400.0
25400.0
25400.0
25400.0
25400.0
25400.0
38568.21484375
52507.51171875
61321.9140625
68722.140625
74305.734375
78892.5625
82837.78125
86103.9296875
89230.84375
91907.5859375
94438.15625
96785.90625
98809.109375
100378.0078125
104001.1328125
108534.7421875
115352.0
121493.078125
129833.3515625
137870.5
146044.484375
153728.484375
161540.515625
168677.0625
174789.953125
182213.1875
180443.25
173420.484375
167716.640625
163039.140625
159610.203125
156343.484375
154051.859375
152236.578125
150848.953125
150155.5625
150058.625
150085.8125
149989.90625
149987.890625
150020.671875
149492.65625
148504.0625
147427.796875
146343.8125
144998.296875
143367.84375
141805.640625
140243.28125
138503.0625
136782.890625
135009.359375
133152.15625
131525.171875
129809.9453125
128204.640625
126593.546875
125090.9765625
123593.2890625
122166.3359375
120848.796875
119523.4921875
118328.1328125
117189.1796875
116119.8515625
115206.609375
114256.0
113390.1015625
112549.25
111800.3125
111077.3984375
110394.8828125
109766.9609375
109151.1875
108587.3515625
108040.2265625
107527.4375
107092.4765625
106645.296875
106243.6328125
105870.3515625
105553.6640625
105268.5390625
105018.859375
104804.640625
104771.15625
104968.7265625
105133.265625
105283.21875
105418.484375
105560.171875
105683.046875
105790.2578125
105877.28125
105953.34375
106026.40625
106099.4296875
106170.796875
106231.15625
106281.6171875
