25400.0
25400.0
25400.0
25400.0
25400.0
25400.0
25400.0
25400.0
25400.0
25400.0
25400.0
25400.0
25400.0
25400.0
25400.0
25400.0
25400.0
25400.0
25400.0
25400.0
25400.0
25400.0
25400.0
25400.0
25400.0
25400.0
25400.0
29538.861328125
44743.19921875
55289.3828125
62071.3125
68381.6328125
73108.1953125
77404.9609375
80794.578125
83737.78125
86594.9609375
89158.703125
91673.2421875
93569.390625
95345.4453125
97672.046875
101570.3671875
106814.9453125
113416.2578125
119956.765625
128131.6953125
136076.34375
143944.953125
151397.96875
159091.25
166093.890625
172374.640625
178339.234375
183727.46875
187166.125
179926.21875
174008.6875
168612.203125
164028.9375
161039.28125
157674.890625
155323.328125
153417.828125
151900.734375
151212.4375
150957.90625
150832.21875
150682.59375
150566.671875
150779.546875
150399.984375
149606.703125
148646.109375
147694.84375
146707.03125
145296.71875
143821.5
142531.4375
141052.59375
139496.484375
137844.734375
136246.953125
134529.03125
132818.046875
131235.1875
129666.4765625
128174.3359375
126689.3125
125255.3046875
123996.7578125
122662.6015625
121428.2421875
120197.6484375
119056.2265625
117965.1640625
116936.4765625
115994.109375
115073.390625
114230.3125
113407.53125
112637.3984375
111992.390625
111312.9296875
110689.0078125
110078.8359375
109513.2265625
108957.5546875
108430.890625
107948.96875
107481.3828125
107056.0
106646.3671875
106264.9453125
105954.1328125
105648.90625
105387.3203125
105147.6796875
104940.5
104811.671875
104991.0703125
105153.6328125
105282.203125
105408.5625
105537.375
