25400.0
25400.0
25400.0
25400.0
25400.0
25400.0
25400.0
25400.0
25400.0
25400.0
25400.0
25400.0
25400.0
25400.0
25400.0
25400.0
25400.0
25400.0
25400.0
25400.0
25400.0
25400.0
25400.0
25400.0
25400.0
25400.0
25400.0
34870.19140625
49509.47265625
58787.20703125
65405.78515625
71166.703125
75851.7734375
79899.65625
83146.8125
86073.453125
88926.1953125
91333.265625
93604.6328125
95616.4140625
97541.28125
99116.5078125
102468.4140625
106659.484375
112866.421875
119328.1171875
126686.953125
134647.328125
142312.921875
149638.625
156987.53125
164140.515625
170499.953125
176323.453125
181575.4375
186285.75
178883.453125
173125.78125
167705.234375
163590.453125
160434.71875
157447.65625
155203.375
153463.921875
152121.5
151532.921875
151379.234375
151337.53125
151221.265625
151114.453125
151294.921875
150862.078125
150004.25
148993.375
147996.21875
146953.453125
145446.234375
143937.390625
142601.734375
141069.9375
139463.046875
137774.96875
136148.453125
134382.671875
132663.34375
131069.3515625
129487.734375
127978.6796875
126479.9609375
125029.15625
123763.21875
122425.2265625
121173.109375
119925.7421875
118802.171875
117719.3515625
116698.4375
115763.4375
114850.3828125
114015.1875
113200.0234375
112445.4375
111805.265625
111132.2734375
110513.1484375
109899.9921875
109336.546875
108786.3828125
108267.5546875
107793.5703125
107333.1640625
106914.890625
106511.6796875
106135.9140625
105832.9609375
105536.1484375
105281.40625
105046.8203125
104843.8359375
104767.84375
104951.21875
105108.296875
105237.375
105365.0
105494.9609375
