25400.0
25400.0
25400.0
25301.099609375
25301.099609375
25301.099609375
25301.099609375
25301.099609375
25301.099609375
25301.099609375
25301.099609375
25301.099609375
25301.099609375
25301.099609375
25301.099609375
25301.099609375
25301.099609375
25301.099609375
25301.099609375
25301.099609375
25301.099609375
25301.099609375
25301.099609375
25646.591796875
40131.72265625
52107.3125
60532.91796875
67244.3671875
72806.21875
77336.4140625
80632.4921875
83951.1484375
87024.2421875
89811.0625
91970.734375
94733.484375
99643.0390625
106233.171875
113859.5703125
122383.2890625
131697.21875
141032.09375
149452.0
158542.859375
166434.859375
174012.671875
180833.484375
185500.078125
177041.5
171081.125
165240.421875
161013.65625
157218.265625
153672.65625
151282.921875
149639.5625
148680.140625
148062.0625
147576.84375
147603.203125
147387.15625
146708.875
145732.15625
144827.734375
143787.046875
142239.421875
140896.484375
139385.765625
137798.171875
136068.9375
134378.578125
132540.765625
130728.6171875
129055.8203125
127378.65625
125813.5
124267.15625
122790.2109375
121513.609375
120164.78125
118917.8359375
117695.328125
116570.4296875
115448.6953125
114398.9375
113447.265625
112527.5546875
111694.5625
110895.734375
110156.890625
109537.453125
108928.015625
108397.765625
107904.7734375
107500.59375
107409.1953125
107481.8203125
107597.4921875
107708.265625
107806.9921875
107889.78125
107949.15625
107990.625
108029.5859375
108076.515625
108128.5546875
108171.5390625
108201.703125
108215.3125
108212.0078125
108191.296875
108157.1484375
108105.875
108078.453125
108060.0546875
108000.09375
107918.984375
107816.90625
107702.796875
107573.125
107435.3828125
107300.7890625
107168.2421875
107039.71875
106903.7109375
