25400.0
25400.0
25400.0
25272.671875
25272.669921875
25272.669921875
25272.669921875
25272.669921875
25272.669921875
25272.669921875
25272.669921875
25272.669921875
25272.669921875
25272.669921875
25272.669921875
25272.669921875
25272.669921875
25272.669921875
25272.669921875
25272.669921875
25272.669921875
25272.669921875
28402.9609375
43045.828125
54114.98046875
62257.91796875
68812.265625
74212.515625
78559.4296875
81780.296875
85091.3828125
88077.2734375
90832.8828125
93001.2734375
95017.4765625
99956.1328125
106054.1171875
113509.4921875
121608.2734375
130891.921875
140095.484375
148305.75
157473.671875
165322.828125
172837.78125
179835.1875
183234.25
175016.71875
169223.234375
163641.296875
159707.25
156056.375
152640.28125
150342.796875
148668.625
147740.234375
147150.296875
146706.125
146648.890625
146560.25
145983.625
145062.171875
144155.9375
143181.515625
141773.125
140445.796875
138990.625
137484.640625
135807.328125
134163.0625
132407.1875
130617.0625
128965.0546875
127323.8671875
125779.8359375
124254.609375
122793.765625
121531.90625
120200.796875
118967.421875
117755.0859375
116643.1640625
115540.75
114491.8984375
113539.3515625
112618.875
111784.578125
110982.8828125
110240.1640625
109616.9296875
108999.171875
108461.859375
107963.828125
107534.875
107344.03125
107387.8984375
107526.328125
107652.53125
107763.2890625
107859.3046875
107931.078125
107980.5
108027.4921875
108079.9609375
108136.1796875
108186.640625
108225.8359375
108245.703125
108248.9140625
108234.9609375
108206.0078125
108160.8828125
108128.6015625
108117.4609375
108071.0859375
107993.6328125
107894.3359375
107785.0078125
107657.4609375
107520.8203125
107385.8125
107253.0078125
107124.84375
106989.6015625
