25400.0
25400.0
25400.0
25198.216796875
25198.216796875
25198.216796875
25198.216796875
25198.216796875
25198.216796875
25198.216796875
25198.216796875
25198.216796875
25198.216796875
25198.216796875
25215.630859375
25218.857421875
25219.58984375
25220.021484375
25220.40625
25220.283203125
25220.17578125
25220.400390625
33211.09375
47126.2109375
57063.47265625
65036.078125
71154.7578125
76493.9296875
80605.1328125
83735.8046875
87139.859375
90231.4609375
92685.671875
94537.953125
98931.46875
104316.46875
111776.5625
119771.0234375
128903.203125
138036.078125
147195.65625
155388.796875
164126.171875
171395.9375
178544.078125
176658.65625
169451.203125
163927.703125
159118.109375
154017.75
151974.4375
148791.171875
146124.03125
144382.359375
142983.15625
142407.609375
142191.90625
142119.65625
142013.5
142144.734375
142313.171875
141907.484375
141180.859375
140347.09375
139534.875
138577.546875
137235.15625
136004.828125
134686.609375
133291.390625
131785.859375
130274.765625
128755.3125
127187.125
125740.1328125
124312.5
122918.734375
121712.5234375
120432.4765625
119248.8984375
118081.671875
116998.15625
115933.3203125
114940.015625
114043.8671875
113170.8984375
112345.703125
111545.3828125
110793.6796875
110151.8359375
109504.34375
108916.5234375
108344.2890625
107822.8125
107318.296875
106848.546875
106427.4375
106026.2109375
105693.328125
105396.34375
105141.53125
104938.9765625
104767.859375
105014.9296875
105238.359375
105442.09375
105642.21875
105821.6796875
105970.8984375
106101.265625
106208.859375
106314.5546875
106420.4453125
106512.078125
106602.546875
106673.8828125
106725.734375
106758.0234375
106773.9453125
106764.328125
106743.4140625
106719.6796875
106725.296875
106714.9453125
