25400.0
25400.0
25400.0
25400.0
25263.140625
25263.11328125
25263.11328125
25263.11328125
25263.11328125
25263.11328125
25263.11328125
25263.11328125
25263.11328125
25263.11328125
25263.11328125
25263.11328125
25263.11328125
25263.11328125
25263.11328125
25263.11328125
25263.11328125
25263.11328125
25263.11328125
25263.11328125
25263.11328125
29328.74609375
37282.6484375
44358.515625
52652.1171875
59174.07421875
64427.6171875
68774.9921875
72687.9296875
76030.15625
78926.1953125
84334.875
90960.8984375
99539.734375
108625.2890625
119267.921875
129460.8671875
140113.578125
150789.203125
159329.21875
168360.765625
176867.171875
183783.078125
189071.125
194482.4375
188311.53125
180593.3125
173542.796875
166810.09375
162683.4375
158157.578125
155636.875
153565.265625
152111.75
151121.21875
150917.484375
150681.84375
150008.5
149063.796875
148161.90625
147171.296875
145586.96875
144051.421875
142624.828125
140833.40625
139020.359375
137101.125
135153.59375
133180.921875
131300.515625
129511.359375
127746.8359375
126108.1328125
124497.734375
122965.609375
121639.421875
120239.71875
118954.4453125
117692.1484375
116515.6796875
115380.0390625
114318.515625
113357.4921875
112429.875
111592.421875
110789.8515625
110047.9140625
109436.8203125
108856.6015625
108357.8359375
107895.5703125
107581.3203125
107634.75
107685.5078125
107745.234375
107811.4296875
107866.296875
107905.0703125
107921.1640625
107931.0
107945.078125
107972.2421875
108001.7109375
108026.765625
108039.8203125
108036.8203125
108017.3125
107981.296875
107931.40625
107857.4609375
107814.03125
107783.1640625
107721.28125
107637.0859375
107532.6953125
107419.03125
107291.65625
107156.1640625
107025.828125
106896.34375
106770.390625
106636.828125
