25400.0
25400.0
25400.0
25398.9140625
25230.47265625
25230.47265625
25230.47265625
25230.47265625
25230.47265625
25230.47265625
25230.47265625
25230.47265625
25230.47265625
25230.47265625
25230.47265625
25230.47265625
25230.47265625
25230.47265625
25230.47265625
25230.47265625
25230.47265625
25230.47265625
25230.47265625
25237.142578125
25245.494140625
25246.52734375
25246.30859375
25245.80078125
25244.8203125
29252.548828125
42144.8203125
51295.81640625
58331.671875
63887.00390625
68761.140625
72702.453125
75986.9765625
78939.03125
81994.921875
84695.671875
86546.4453125
90915.734375
96081.5546875
102655.0078125
110397.21875
118447.0078125
127096.75
135317.578125
143922.65625
152411.40625
160366.515625
167702.25
174448.78125
180982.46875
186910.5
188255.96875
181312.78125
175624.578125
170206.0625
165696.53125
160731.703125
157378.703125
154523.234375
151407.96875
149267.15625
147422.03125
146198.125
145590.03125
145187.765625
144951.609375
144768.171875
144779.3125
145028.8125
144902.15625
144442.015625
143729.484375
143040.09375
142342.40625
141480.703125
140382.96875
139223.71875
138122.375
136931.46875
135651.4375
134285.0625
132912.359375
131539.6875
130068.7265625
128703.359375
127353.9140625
126038.6796875
124877.546875
123643.3359375
122489.3125
121343.109375
120287.28125
119257.3359375
118267.1328125
117347.3828125
116436.9140625
115594.4140625
114768.953125
113983.4375
113302.484375
112585.0234375
111924.296875
111275.59375
110678.8125
110093.0703125
109537.0390625
109025.2578125
108523.5390625
108062.7265625
107611.296875
107183.3984375
106816.578125
106433.3125
106085.28125
105749.046875
105448.296875
105175.890625
104931.0
104720.6484375
104528.5625
104363.296875
104332.65625
