25400.0
25400.0
25400.0
25267.736328125
25267.736328125
25267.736328125
25267.736328125
25267.736328125
25267.736328125
25267.736328125
25267.736328125
25267.736328125
25267.736328125
25267.736328125
25267.736328125
25267.736328125
25267.736328125
25267.736328125
25267.736328125
25267.736328125
25267.736328125
25267.736328125
25267.736328125
25267.736328125
25267.736328125
25267.736328125
25267.736328125
36407.5703125
48794.23828125
57454.05859375
64241.1015625
69346.640625
74173.0859375
77798.453125
80957.3828125
84023.7734375
87073.6015625
89450.984375
91132.3828125
95355.53125
100134.28125
107348.96875
114975.0546875
122841.7578125
131677.390625
140185.828125
148806.546875
157324.484375
165122.34375
172334.15625
179030.015625
185009.65625
182980.21875
175954.984375
170186.96875
165791.5625
160198.125
157865.65625
154336.765625
151362.40625
149093.59375
147635.28125
146857.015625
146344.859375
146011.34375
145697.359375
145957.171875
145818.171875
145258.34375
144468.546875
143646.28125
142849.578125
141739.1875
140400.3125
139165.84375
137839.03125
136443.203125
134931.390625
133406.90625
131975.5625
130357.890625
128862.3046875
127383.3984375
125980.7421875
124586.46875
123248.1640625
122003.7578125
120773.1484375
119629.46875
118496.21875
117415.2265625
116482.1484375
115502.4609375
114576.1640625
113673.375
112849.2109375
112047.390625
111305.3359375
110637.7109375
109989.3984375
109397.7109375
108825.0078125
108289.203125
107836.8671875
107377.21875
106981.203125
106638.28125
106351.96875
106086.28125
105935.2734375
106115.875
106272.0390625
106413.0703125
106557.7578125
106691.203125
106795.84375
106889.03125
106962.9765625
107027.90625
107092.8671875
107165.6328125
107234.3828125
107291.3203125
107338.265625
107370.21875
107384.96875
