25400.0
25400.0
25400.0
25400.0
25327.095703125
25327.095703125
25327.095703125
25327.095703125
25327.095703125
25327.095703125
25327.095703125
25327.095703125
25327.095703125
25327.095703125
25327.095703125
25327.095703125
25327.095703125
25327.095703125
25327.095703125
25327.095703125
25327.095703125
25327.095703125
25327.095703125
25327.095703125
32205.87109375
47537.90625
57835.17578125
65946.765625
72093.671875
77428.0625
81521.34375
84713.28125
88200.5703125
91341.5390625
93841.1015625
95813.28125
101039.0859375
107392.3203125
115325.8046875
123784.4375
133075.546875
142368.5625
151469.78125
159619.046875
168113.03125
175237.6875
182051.109375
176539.171875
169640.53125
163981.046875
158647.234375
154752.75
151819.5625
148905.0
146805.859375
145452.15625
144502.1875
144328.046875
144434.203125
144568.40625
144545.859375
144896.453125
144781.046875
144111.03125
143182.453125
142259.421875
141193.640625
139820.984375
138356.21875
136941.25
135370.25
133761.984375
132093.953125
130383.1171875
128709.5625
127069.78125
125556.2265625
124038.296875
122634.0390625
121408.9375
120104.1484375
118899.8046875
117758.8046875
116703.546875
115645.2421875
114641.328125
113725.9609375
112837.7109375
112029.5234375
111245.4453125
110509.78125
109882.5859375
109230.9375
108637.8515625
108062.21875
107538.0234375
107029.890625
106551.2421875
106110.78125
105683.9140625
105298.359375
104931.453125
104594.03125
104321.15625
104064.90625
103854.1953125
103668.1875
103512.2890625
103542.171875
103809.8828125
104032.6875
104256.75
104461.703125
104652.3203125
104817.625
104947.2578125
105070.421875
105176.453125
105285.3125
105382.8515625
105465.8359375
105535.8515625
105590.265625
105631.1328125
105656.125
105668.75
