25400.0
25400.0
25400.0
25301.490234375
25301.490234375
25301.490234375
25301.490234375
25301.490234375
25301.490234375
25301.490234375
25301.490234375
25301.490234375
25301.490234375
25301.490234375
25301.490234375
25301.490234375
25301.490234375
25301.490234375
25301.490234375
25301.490234375
25301.490234375
25301.490234375
29168.11328125
44206.33984375
55040.6015625
63169.4453125
69580.796875
74974.1015625
79199.171875
82381.9140625
85775.8203125
88924.3203125
91422.1796875
93310.5546875
97735.421875
103142.5234375
110620.9140625
118578.578125
127854.1875
137108.046875
146365.140625
154733.4375
163542.296875
170949.515625
178270.46875
184193.8125
175794.203125
169414.171875
163997.703125
158538.921875
155992.296875
152313.609375
149614.140625
147717.390625
146357.96875
145841.28125
145596.234375
145431.71875
145353.015625
145593.75
145205.328125
144391.921875
143473.140625
142564.53125
141351.78125
140008.78125
138586.453125
137163.921875
135538.21875
133919.90625
132231.734375
130465.3828125
128813.390625
127191.890625
125663.546875
124146.140625
122696.71875
121437.28125
120105.9453125
118872.3359375
117662.4453125
116554.3984375
115464.2734375
114420.09375
113497.0546875
112605.484375
111795.078125
111010.078125
110274.234375
109647.65625
108997.8984375
108423.2890625
107875.28125
107380.71875
106908.4140625
106486.6796875
106132.5625
105815.4765625
105539.234375
105288.6640625
105389.28125
105577.3203125
105755.046875
105925.8984375
106087.703125
106223.78125
106338.234375
106433.390625
106515.171875
106602.640625
106686.6640625
106766.15625
106832.3203125
106875.15625
106903.75
106915.28125
106903.21875
106876.9765625
106839.453125
106830.1953125
106822.1015625
106787.765625
106732.6171875
106658.34375
