25400.0
25400.0
25400.0
25374.623046875
25374.623046875
25373.708984375
25366.408203125
25362.998046875
25361.31640625
25360.5234375
25360.125
25359.931640625
25359.8359375
25359.78515625
25359.7578125
25359.7421875
25359.732421875
25359.7265625
25359.72265625
25359.72265625
25359.71875
25359.64453125
25359.400390625
25358.533203125
25356.806640625
35357.75390625
49649.2421875
59539.953125
67410.1484375
72953.484375
78028.796875
82348.6953125
85938.9765625
88926.328125
91918.4296875
94483.8671875
96639.890625
98753.875
100811.8984375
102666.75
103972.296875
106576.1328125
110300.5
116101.1328125
122610.8125
129084.8671875
136821.640625
144140.734375
151183.5
157922.34375
164392.140625
170696.8125
176371.640625
170456.875
165084.875
160668.21875
156739.4375
153083.546875
150889.796875
148225.65625
146001.859375
144671.65625
143539.78125
142636.609375
142037.546875
141698.234375
141826.296875
142113.703125
142390.078125
142513.578125
142484.734375
142856.90625
142750.671875
142228.65625
141511.078125
140675.234375
139895.53125
139115.671875
137893.5625
136707.71875
135535.9375
134382.0
133130.921875
131817.8125
130543.0546875
129236.6171875
127908.3828125
126572.2421875
125299.1171875
124196.5390625
123005.765625
121907.390625
120831.890625
119820.828125
118809.0625
117837.9375
116956.3203125
116096.8046875
115286.0546875
114472.7734375
113697.84375
113029.9453125
112328.2734375
111682.171875
111049.4453125
110467.84375
109897.921875
109357.5234375
108860.15625
108372.8125
107924.2890625
107484.1796875
107066.4609375
106706.6015625
106328.59375
105980.6328125
105634.0546875
105316.1015625
105005.6640625
104714.625
104450.6953125
104197.0078125
103975.6875
103778.921875
