25400.0
25400.0
25400.0
25068.720703125
24781.626953125
24781.623046875
24846.001953125
24854.412109375
24857.5390625
24860.337890625
24863.251953125
24865.935546875
24869.09375
24871.634765625
24873.55859375
24875.384765625
24877.056640625
24878.681640625
24880.228515625
24881.576171875
24883.0078125
24884.326171875
24885.6875
24886.974609375
24888.341796875
24890.84375
24902.08203125
27577.76171875
36263.76171875
44831.0234375
51425.046875
56321.6875
61080.84375
64954.76953125
70940.5703125
77852.7734375
86829.5
96717.078125
107901.8203125
118933.046875
130093.8984375
141797.28125
152230.921875
161263.875
170832.265625
178571.296875
184680.46875
190848.9375
185244.03125
179073.125
173098.375
166975.375
161485.6875
156364.21875
153420.703125
150140.59375
147109.546875
145068.1875
143597.578125
142671.03125
142458.125
142141.15625
141640.796875
141085.140625
140583.34375
140084.25
139353.28125
138335.390625
137283.34375
136226.84375
134952.4375
133622.359375
132196.5625
130718.5078125
129204.84375
127710.6640625
126312.84375
124901.3203125
123544.109375
122364.3828125
121110.1015625
119952.09375
118811.765625
117759.0390625
116724.1953125
115741.2734375
114835.96875
113946.0859375
113124.015625
112316.09375
111554.75
110906.6796875
110237.3203125
109645.0625
109080.609375
108585.9609375
108123.578125
107940.3515625
107959.453125
108082.65625
108218.734375
108338.8671875
108434.1484375
108497.484375
108553.6015625
108603.1953125
108665.5234375
108725.40625
108778.3203125
108813.421875
108825.6796875
108822.9921875
108806.171875
108772.90625
108726.5546875
108714.96875
108695.765625
108646.8828125
108558.953125
108453.40625
108330.984375
108196.2734375
108058.0546875
107918.2265625
107786.0390625
107647.4609375
