25400.0
25400.0
25297.056640625
24903.404296875
24903.404296875
24903.404296875
24930.9375
24959.861328125
24963.962890625
24966.556640625
24968.853515625
24971.75390625
24973.90234375
24975.5078125
24977.033203125
24978.408203125
24979.7421875
24981.009765625
24982.099609375
24983.22265625
24984.279296875
24984.6015625
24987.232421875
27112.03125
38932.65234375
49298.38671875
57691.73828125
64478.2421875
70232.015625
74933.65625
78331.7578125
81775.8515625
85124.2734375
87878.5390625
89963.8671875
95508.671875
102206.328125
110120.9765625
119047.6015625
128289.6875
137879.71875
147374.3125
156239.96875
164752.3125
172428.609375
180047.515625
175264.671875
168823.328125
163536.890625
159175.078125
155041.65625
150559.21875
148207.875
145331.765625
142849.078125
140871.28125
139509.890625
138615.015625
138016.9375
137640.34375
137343.703125
137588.25
137615.21875
137316.953125
136801.578125
136187.09375
135701.734375
135044.625
134005.59375
132983.453125
132007.671875
130925.140625
129708.09375
128505.1875
127233.6640625
125947.53125
124623.203125
123360.140625
122258.25
121063.09375
119954.328125
118852.2265625
117834.40625
116829.1796875
115872.4921875
114989.046875
114119.765625
113317.8671875
112529.25
111776.90625
111126.3046875
110443.25
109816.8984375
109205.3125
108653.5390625
108135.9453125
107648.3828125
107213.359375
106820.4140625
106485.4765625
106179.4921875
105943.515625
106116.6953125
106351.140625
106557.2421875
106761.296875
106939.6171875
107095.3515625
107224.4453125
107329.9921875
107433.7734375
107533.6953125
107631.328125
107716.140625
107778.2109375
107821.03125
107846.3828125
107856.9921875
107852.59375
107833.046875
107830.1875
107836.046875
107811.3359375
107754.53125
107675.0859375
