25400.0
25400.0
25400.0
25095.197265625
24735.150390625
24774.17578125
24813.759765625
24818.369140625
24821.216796875
24824.248046875
24827.427734375
24830.357421875
24833.6953125
24836.53515625
24838.654296875
24840.671875
24842.5
24844.3046875
24846.037109375
24847.529296875
24849.125
24850.673828125
24852.251953125
24855.50390625
24889.708984375
30555.177734375
36435.48828125
41235.1484375
50122.08984375
57167.01171875
63243.99609375
68504.1875
72296.7734375
75927.3828125
79238.5078125
82065.234375
86299.0546875
92190.9375
100244.0703125
108823.9921875
118903.703125
128389.53125
138616.5625
148889.984375
157405.390625
166306.875
174617.625
181920.9375
179572.578125
173090.46875
167979.109375
163418.734375
158678.046875
154304.71875
149960.234375
147578.78125
144822.78125
142197.9375
140599.296875
139256.109375
138239.9375
137512.609375
137160.984375
137189.8125
137038.90625
136692.015625
136213.359375
135718.890625
135295.375
134684.40625
133704.3125
132762.59375
131852.328125
130816.5859375
129656.5625
128502.7890625
127283.0703125
126035.5703125
124739.15625
123503.9609375
122415.9296875
121235.9375
120137.9375
119048.546875
118038.8984375
117042.21875
116093.8046875
115216.171875
114353.8203125
113558.7734375
112777.90625
112036.09375
111396.1328125
110722.6953125
110104.578125
109503.4375
108958.34375
108449.6796875
107994.5390625
107597.875
107231.03125
107055.7578125
107168.8671875
107388.3046875
107568.2734375
107749.296875
107898.5234375
108021.671875
108117.7421875
108204.2421875
108296.7578125
108385.1953125
108464.6796875
108525.375
108568.1328125
108591.3984375
108597.4140625
108585.7734375
108554.6796875
108533.65625
108541.1796875
108516.4296875
108459.3203125
108381.2578125
108278.1796875
108159.9921875
108029.2109375
