25400.0
25400.0
25399.98046875
24941.236328125
24657.703125
24698.248046875
24702.14453125
24702.16796875
24704.80078125
24708.3046875
24712.013671875
24715.435546875
24719.07421875
24722.484375
24725.0078125
24727.41015625
24729.623046875
24731.81640625
24733.951171875
24736.537109375
24739.82421875
24743.279296875
24747.232421875
24751.48046875
24757.2578125
24774.62109375
25469.544921875
32013.39453125
39528.8359375
47170.82421875
53392.11328125
57995.1796875
62754.65625
66442.9765625
72179.75
78914.6171875
87808.53125
97461.421875
108689.5390625
119396.1015625
130352.65625
141931.703125
152227.609375
161139.015625
170732.5625
178587.21875
184604.203125
182643.578125
176516.96875
171470.875
166513.921875
161345.59375
156724.953125
151712.96875
149211.4375
146434.625
143456.3125
141490.828125
139790.75
138585.3125
137830.59375
137677.0
137451.328125
137071.890625
136664.125
136225.84375
135919.84375
135515.078125
134732.625
133859.046875
132988.40625
132086.578125
130973.0703125
129802.828125
128635.734375
127382.7421875
126090.2265625
124810.7734375
123582.7890625
122482.734375
121313.2734375
120217.21875
119130.9765625
118126.875
117133.1640625
116185.796875
115311.8046875
114451.2109375
113659.4921875
112881.125
112141.40625
111503.4296875
110833.9375
110222.0859375
109626.234375
109091.1796875
108596.390625
108150.640625
107759.125
107406.2265625
107505.1484375
107642.8828125
107843.296875
108004.0078125
108154.9296875
108271.359375
108364.8046875
108442.5390625
108524.9609375
108611.4921875
108687.3359375
108749.8515625
108792.4921875
108817.1796875
108823.65625
108814.9765625
108790.4765625
108758.6015625
108762.59375
108740.3828125
108684.03125
108602.5078125
108497.1171875
108373.984375
108245.3515625
108108.15625
