25400.0
25400.0
25400.0
25010.099609375
24694.421875
24761.734375
24771.78515625
24772.548828125
24775.06640625
24778.333984375
24781.791015625
24784.978515625
24788.451171875
24791.587890625
24793.923828125
24796.1328125
24798.16796875
24800.15625
24802.060546875
24803.72265625
24805.546875
24807.740234375
24810.408203125
24813.205078125
24816.4921875
24825.173828125
24965.279296875
32032.37109375
40153.12890625
47847.58203125
54029.0
58522.05859375
63292.70703125
67100.5
70102.3984375
75883.1875
82349.203125
90715.34375
99956.3359375
110455.1328125
120849.90625
131927.078125
142814.78125
151936.703125
161686.109375
170287.796875
177120.3125
183197.5
189031.421875
181840.859375
176039.703125
170130.90625
164639.609375
159413.34375
155027.09375
152160.21875
148517.9375
145777.59375
143689.125
142190.421875
141556.59375
140923.234375
140249.546875
139618.1875
139031.71875
138640.15625
138099.578125
137201.296875
136218.609375
135276.75
134178.5
132970.21875
131684.125
130341.0546875
128960.3828125
127534.40625
126207.0078125
124860.9765625
123564.1328125
122427.21875
121222.265625
120102.109375
118997.0859375
117974.4296875
116970.390625
116019.40625
115150.9609375
114313.875
113579.9453125
112895.4375
112271.5703125
111778.1640625
111625.78125
111452.6328125
111286.5859375
111125.9296875
111029.5390625
111014.921875
111055.046875
111075.7890625
111107.3203125
111140.09375
111159.734375
111161.7421875
111141.71875
111102.109375
111041.9296875
110968.296875
110897.9765625
110864.7734375
110792.0625
110685.796875
110560.2734375
110411.3515625
110247.5625
110090.6015625
109918.09375
109750.734375
109570.0390625
109379.640625
109179.484375
108976.7421875
108775.8515625
108567.421875
108362.5234375
108150.28125
