25400.0
25400.0
25400.0
25400.0
25400.0
25400.0
25400.0
25400.0
25400.0
25400.0
25400.0
25400.0
25400.0
25400.0
25400.0
25400.0
25400.0
25400.0
25400.0
25400.0
25400.0
25400.0
25400.0
25400.0
25400.0
33952.7578125
48318.34765625
56716.16796875
63009.5546875
68452.6953125
72319.4140625
75735.7734375
78831.609375
81978.0546875
84387.90625
86429.3671875
89961.8046875
94308.3203125
100912.71875
108376.7734375
118138.90625
127719.84375
136470.75
146334.328125
155066.1875
163624.515625
170964.078125
177677.0
183672.78125
189973.09375
196656.796875
203443.8125
200996.078125
192394.59375
186520.515625
182159.0625
179726.0625
178068.296875
176038.875
173767.15625
171315.03125
168304.65625
165208.671875
161888.0
158360.6875
154679.78125
151417.6875
147957.828125
144751.640625
141602.9375
138706.1875
135807.625
133089.359375
130655.3046875
128374.1015625
126379.359375
124563.3828125
123244.34375
122087.390625
120941.28125
119922.203125
118937.8359375
118032.6953125
117207.25
116532.34375
116087.0859375
115679.9453125
115310.6328125
114938.4609375
114571.515625
114238.3359375
113868.046875
113507.59375
113201.3671875
112906.8046875
112571.3671875
112212.0703125
111849.9609375
111469.984375
111101.140625
110736.46875
110382.375
110065.046875
109718.484375
109387.3359375
109052.1640625
108726.578125
108393.84375
108070.71875
107770.78125
107466.453125
107181.8671875
106901.7578125
106636.7421875
106408.109375
106167.90625
105947.3359375
105732.046875
105534.5625
105342.21875
105159.296875
104990.9453125
104825.2265625
104672.4609375
104521.625
