25400.0
25400.0
25400.0
25400.0
25400.0
25400.0
25400.0
25400.0
25400.0
25400.0
25400.0
25400.0
25400.0
25400.0
25400.0
25400.0
25400.0
25400.0
25400.0
25400.0
25400.0
25400.0
25400.0
25400.0
25400.0
25400.0
25400.0
38505.05859375
52633.48828125
61486.91015625
68891.8515625
74476.078125
79042.375
82974.1015625
86240.1328125
89391.140625
92052.7421875
94567.921875
96962.515625
98947.0
100564.8515625
103752.90625
107914.5859375
114376.1171875
120612.5703125
128778.8515625
136912.015625
145102.828125
152794.5
160633.53125
167904.734375
174137.75
180176.046875
189326.03125
183762.234375
176344.640625
171477.828125
167006.1875
163578.21875
161055.671875
159347.59375
158317.546875
158179.328125
158160.28125
157927.515625
157906.578125
157539.171875
156452.640625
155173.25
153781.265625
152153.953125
150121.8125
148208.59375
146172.28125
143973.578125
141832.734375
139584.453125
137379.0
135209.640625
133117.65625
131261.734375
129297.5
127459.703125
125635.9921875
123977.75
122375.1796875
120912.578125
119590.4921875
118312.1796875
117152.15625
116029.46875
114964.515625
114074.7578125
113155.9921875
112320.6953125
111510.71875
110774.265625
110061.0390625
109390.5546875
108781.453125
108192.5859375
107659.0390625
107148.0234375
106676.59375
106296.328125
105922.78125
105602.1640625
105308.2265625
105054.8828125
105136.171875
105261.5234375
105337.875
105426.7890625
105518.453125
105607.6640625
105684.0234375
105739.2578125
105785.09375
105819.6328125
105851.734375
105888.2890625
105922.4765625
105949.0
105967.453125
105977.3359375
105974.609375
105960.9375
