25400.0
25042.75390625
24649.189453125
23984.49609375
22901.521484375
22500.73828125
22989.826171875
24457.404296875
24795.091796875
24783.90234375
24782.705078125
24817.021484375
24862.251953125
24903.9921875
24952.62109375
24996.66796875
25037.513671875
25073.8046875
25102.01171875
25127.7578125
25148.9765625
25166.875
25179.744140625
25190.033203125
25207.42578125
25311.263671875
25757.96484375
27556.40625
31185.48046875
36182.6328125
41440.28515625
46576.81640625
50898.95703125
54705.3671875
58499.6640625
62329.6328125
67134.546875
72839.609375
79739.578125
87960.890625
96292.296875
99477.125
102569.4453125
105697.640625
108009.4921875
110068.703125
111611.5234375
112648.6953125
113459.4375
114327.90625
114832.734375
115057.3359375
115138.9296875
115166.0625
115049.859375
114833.46875
114575.6640625
114501.4609375
114491.3671875
114352.921875
114147.3515625
113905.3046875
113630.890625
113373.7890625
113254.4609375
113196.0625
113038.75
112752.6171875
112468.1171875
112182.453125
111908.5859375
111631.8515625
111363.7890625
111100.4375
110897.9453125
110752.53125
110563.84375
110373.59375
110184.0703125
109960.5546875
109801.03125
109538.9296875
109218.671875
108895.7421875
108712.4609375
108884.2421875
109070.3046875
109169.5703125
109135.953125
109031.703125
108966.3515625
108909.3515625
108838.109375
108739.1875
108621.71875
108598.6796875
108910.4296875
109260.8046875
109472.3203125
109611.609375
109793.9140625
109971.5234375
110110.359375
110238.921875
110333.796875
110392.3046875
110416.34375
110428.5859375
110438.34375
110442.515625
110438.9140625
110533.359375
110754.2890625
110958.4765625
111172.3515625
111396.0703125
111574.0390625
111720.265625
111829.578125
111921.1015625
111993.890625
112049.6796875
112092.7109375
112131.6484375
112173.8515625
