25400.0
25400.0
25400.0
25400.0
25395.333984375
25391.716796875
25388.990234375
25385.494140625
25383.8828125
25382.56640625
25381.775390625
25381.099609375
25380.79296875
25380.66015625
25380.59765625
25380.56640625
25380.552734375
25380.544921875
25380.5390625
25380.53515625
25380.533203125
25380.53125
25380.53125
25380.4765625
25380.34375
25379.75
27043.810546875
42850.4375
54656.296875
63100.76953125
69754.8671875
75268.15625
79652.515625
82899.5546875
86295.328125
89384.3125
92073.59375
94173.7734375
97698.265625
102575.2734375
109734.9375
117485.5546875
126363.078125
135614.375
144908.453125
153120.375
162111.421875
169693.046875
176929.0625
183622.234375
183830.578125
175941.59375
169584.109375
163882.640625
160430.125
156653.59375
153928.375
152046.65625
151028.40625
150605.3125
150371.921875
150059.453125
150310.078125
149870.296875
148944.6875
147798.453125
146718.25
145222.75
143508.984375
141995.328125
140219.53125
138366.390625
136429.171875
134503.546875
132499.40625
130598.203125
128823.3515625
127052.3203125
125412.75
123783.0859375
122229.1796875
120893.234375
119479.4765625
118171.0625
116906.9453125
115762.6796875
114675.65625
113674.984375
112770.1953125
111896.484375
111104.78125
110339.8671875
109626.0703125
109019.96875
108405.34375
107853.8125
107328.46875
106881.734375
106479.0078125
106127.515625
105827.8984375
105666.1484375
105837.3828125
105974.828125
106107.796875
106223.7421875
106340.3515625
106434.890625
106510.09375
106568.875
106625.859375
106691.40625
106752.828125
106808.0234375
106846.5546875
106869.9765625
106873.25
106857.03125
106827.1015625
106788.7890625
106744.0703125
106728.2890625
106702.9609375
106652.90625
106585.1484375
106499.8515625
106405.6953125
106299.4453125
