25400.0
25400.0
25400.0
25133.32421875
25133.3125
25133.3125
25133.3125
25133.3125
25133.3125
25137.736328125
25160.189453125
25162.875
25163.91796875
25164.806640625
25165.578125
25166.30859375
25167.0
25167.576171875
25168.134765625
25168.638671875
25168.625
25168.525390625
25172.912109375
33629.3515625
46012.96875
55237.3125
62139.0
68131.9140625
72955.9609375
76403.6171875
79864.296875
83217.6953125
85985.6484375
88922.6875
94582.625
102017.421875
110287.5703125
119601.1796875
129066.8671875
138965.25
148774.484375
157500.265625
166076.296875
173982.859375
181562.59375
185340.046875
177307.265625
171063.953125
165876.625
160592.703125
156020.84375
152993.84375
149426.0
147169.640625
145309.421875
144217.125
143466.390625
143015.4375
142715.0625
142941.828125
142773.125
142246.34375
141489.859375
140781.84375
139975.65625
138867.921875
137607.390625
136409.96875
135069.640625
133646.140625
132143.15625
130609.03125
129037.2265625
127476.0078125
126036.2890625
124581.1796875
123184.59375
121970.4296875
120687.4140625
119502.4140625
118337.125
117261.671875
116199.203125
115186.6875
114256.6875
113349.3671875
112519.640625
111690.296875
110907.828125
110253.734375
109584.9296875
108979.9765625
108397.8046875
107875.3515625
107385.234375
106954.6328125
106587.7421875
106289.234375
106029.8203125
106126.4921875
106319.90625
106478.0859375
106650.6484375
106803.9453125
106937.6796875
107034.671875
107117.5390625
107193.1328125
107273.421875
107356.328125
107428.8203125
107489.234375
107531.359375
107555.1171875
107562.8984375
107550.6328125
107523.1640625
107490.421875
107483.53125
107456.75
107407.484375
107334.2265625
107246.8359375
107144.03125
