25400.0
25400.0
25399.990234375
24933.74609375
24594.9609375
24584.744140625
24577.56640625
24576.265625
24579.3671875
24583.69140625
24588.25390625
24592.470703125
24596.7109375
24601.0625
24604.275390625
24607.458984375
24611.7890625
24616.869140625
24622.5859375
24628.5625
24636.734375
24646.701171875
24660.224609375
24686.060546875
24839.79296875
29015.916015625
36412.28125
44416.7890625
51927.55078125
58466.01171875
63769.07421875
68161.9921875
71966.015625
75209.6015625
78250.9375
82412.8203125
88189.4296875
96102.90625
104542.359375
114660.296875
124160.796875
134430.65625
144950.984375
153590.0
162751.546875
171468.8125
178858.546875
176976.203125
171434.796875
166427.90625
162476.46875
158310.890625
154199.4375
150147.25
146126.28125
144611.6875
141883.84375
139334.921875
137528.734375
136052.515625
134890.859375
134044.453125
133824.875
133556.921875
133201.96875
132817.21875
132410.859375
132116.625
131835.828125
131419.359375
130603.8125
129879.0546875
129143.1796875
128334.1796875
127413.8203125
126425.453125
125447.5234375
124405.71875
123278.859375
122294.65625
121244.5234375
120236.9921875
119226.875
118282.5703125
117342.53125
116440.4453125
115603.5234375
114777.15625
114014.921875
113263.1328125
112548.4375
111938.6015625
111306.3671875
110737.71875
110216.3984375
109762.3828125
109338.2421875
109005.453125
109012.21875
108989.03125
109039.375
109169.03125
109389.3359375
109538.21875
109666.3359375
109772.96875
109872.34375
109955.4140625
110026.4375
110076.9765625
110103.9609375
110107.8828125
110092.6171875
110058.90625
110014.0078125
110011.5078125
109990.46875
109937.171875
109854.4453125
109754.0703125
109633.2890625
109496.7421875
109353.953125
109211.078125
109070.6328125
108919.6875
