25400.0
25400.0
24601.681640625
24792.474609375
24280.552734375
23938.08203125
23768.1171875
23744.13671875
23744.783203125
23748.642578125
23765.92578125
23793.41796875
23840.94140625
23934.384765625
24130.3203125
24441.890625
24915.787109375
25103.3203125
25160.99609375
25191.9375
25216.14453125
25239.669921875
25257.7734375
25272.984375
25284.66796875
25293.513671875
25299.275390625
25346.994140625
25872.880859375
27643.765625
31987.201171875
37842.4609375
43749.10546875
49330.66796875
53627.3984375
57528.56640625
63112.4609375
70217.90625
78160.5
87182.359375
97730.1640625
107863.234375
119042.1015625
130367.2734375
139751.046875
150077.59375
158875.1875
166050.90625
166198.390625
162820.015625
159265.96875
155614.5
152002.578125
149405.015625
146809.296875
144227.234375
141803.25
138631.0
136987.1875
135114.515625
133023.28125
130968.765625
129803.359375
129018.8671875
128086.625
127278.5546875
126552.578125
126005.1484375
125648.90625
125535.65625
125457.8046875
125321.1484375
124908.109375
124544.6640625
124222.5
123854.7890625
123331.4921875
122738.8984375
122101.515625
121414.859375
120766.8984375
119964.71875
119209.5703125
118444.2578125
117692.6875
116930.875
116187.140625
115492.7265625
114816.6796875
114197.7578125
113629.1953125
113127.8984375
112720.6640625
112450.578125
112522.0390625
112561.15625
112582.75
112575.1796875
112528.8828125
112456.4140625
112366.3671875
112402.5625
112589.796875
112795.1015625
112940.5546875
113061.5546875
113142.34375
113193.71875
113214.3984375
113263.8984375
113315.796875
113318.8515625
113278.90625
113208.921875
113094.65625
112943.7109375
112800.8125
112644.6953125
112484.46875
112304.9375
112118.0625
111914.40625
111702.2421875
111487.296875
111255.125
111016.265625
110766.21875
