25400.0
25400.0
24889.10546875
24645.298828125
24003.27734375
23486.5
23092.07421875
23024.33203125
23028.20703125
23067.771484375
23263.8828125
23741.984375
24367.712890625
24680.275390625
24786.30859375
24842.376953125
24888.021484375
24926.796875
24963.36328125
25014.099609375
25038.984375
25055.869140625
25073.509765625
25099.55859375
25132.57421875
25161.50390625
25185.73828125
25205.15625
25229.759765625
25306.9453125
25610.919921875
26696.05078125
29302.10546875
34009.86328125
40085.41796875
46488.50390625
53339.73828125
61810.76171875
70901.7578125
81151.671875
91481.46875
101873.2421875
113740.046875
125009.8046875
134851.765625
141504.5625
141424.21875
140847.078125
140379.65625
139348.234375
137969.5
136367.75
134652.484375
133142.75
132146.296875
131024.3046875
130048.28125
128973.1953125
127914.0390625
127162.78125
126506.9140625
125220.7421875
123787.234375
122589.65625
121615.4765625
120664.4453125
120007.2578125
119543.1875
119002.0703125
118383.4765625
117930.703125
117558.828125
117388.7265625
117306.7578125
117260.921875
117226.4453125
117108.2734375
116939.671875
116850.6875
116791.890625
116714.5703125
116562.390625
116315.0390625
116027.9609375
115728.1171875
115380.3359375
115009.421875
114567.0859375
114095.25
113646.4296875
113168.3671875
112683.109375
112248.1953125
111775.84375
111337.265625
110910.8046875
110522.375
110190.03125
109906.03125
109665.421875
109531.9453125
109755.59375
109941.71875
110108.421875
110232.296875
110329.359375
110392.4765625
110457.671875
110634.1328125
110971.8046875
111258.2734375
111500.7734375
111714.2109375
111884.5234375
112023.15625
112130.8671875
112205.78125
112329.984375
112430.8984375
112488.0625
112504.8671875
112491.796875
112454.1328125
112397.5625
112327.0546875
112261.3515625
112185.96875
