20000.0
20000.0
20000.0
20000.0
20000.0
20000.0
20000.0
20000.0
20000.0
20000.0
20000.0
20000.0
20000.0
20000.0
20000.0
20000.0
20000.0
20000.0
20000.0
20000.0
20000.0
20000.0
20000.0
20000.0
20000.0
20000.0
20000.0
20000.0
20000.0
20000.0
20000.0
20000.0
20000.0
20000.0
20000.0
19999.98828125
20000.0
20000.0
20000.0
20000.0
19999.9921875
20000.0
19999.99609375
19999.99609375
20000.0
20000.0
20000.0
20000.0
20000.0
20000.0
20000.0
20000.0
20000.0
20000.0
20000.0
19682.53515625
18750.236328125
17945.34375
17103.779296875
16379.802734375
15707.599609375
15117.0673828125
14616.4091796875
14155.4169921875
13735.2685546875
13331.271484375
12883.7373046875
12490.4658203125
12167.701171875
11892.734375
11475.3583984375
11139.3115234375
10850.337890625
10584.33203125
10319.8369140625
10063.0693359375
9795.4150390625
9536.619140625
9310.89453125
9090.7802734375
8888.60546875
8723.2021484375
8555.4833984375
8400.9287109375
8244.7978515625
8091.27490234375
7932.6484375
7777.43359375
7634.44580078125
7504.38623046875
7381.35498046875
7253.09130859375
7126.2490234375
7016.20751953125
6901.609375
6797.57421875
6696.15576171875
6602.1689453125
6509.89453125
6423.62109375
6349.30029296875
6275.423828125
6205.1845703125
6135.27880859375
6069.13671875
6011.87060546875
5951.12890625
5894.79638671875
5838.9501953125
5786.99951171875
5735.3291015625
5685.640625
5639.16357421875
5592.75830078125
5548.84228515625
5500.5791015625
5450.77978515625
5404.77197265625
5353.03369140625
5292.47314453125
5190.396484375
5094.380859375
4995.21826171875
4897.287109375
4804.55712890625
4715.3310546875
4634.04150390625
4553.1796875
