20000.0
20000.0
20000.0
20000.0
20000.0
20000.0
20000.0
20000.0
20000.0
20000.0
20000.0
20000.0
20000.0
20000.0
20000.0
20000.0
20000.0
20000.0
20000.0
20000.0
20000.0
20000.0
20000.0
20000.0
20000.0
20000.0
20000.0
20000.0
20000.0
19999.99609375
20000.0
19999.998046875
20000.0
20000.0
20000.0
20000.0
20000.0
19999.998046875
20000.0
20000.0
19999.9921875
20000.0
20000.0
20000.0
20000.0
20000.0
20000.0
20000.0
20000.0
19019.1796875
17998.45703125
17129.357421875
16353.8486328125
15577.4326171875
14944.4833984375
14431.8388671875
13901.9951171875
13345.263671875
12873.2958984375
12465.6435546875
12107.5947265625
11627.537109375
11215.904296875
10859.474609375
10546.1005859375
10224.19921875
9907.9404296875
9638.046875
9361.0546875
9108.021484375
8848.8388671875
8619.958984375
8408.052734375
8212.8447265625
8035.171875
7858.84375
7693.82568359375
7522.92041015625
7350.6767578125
7197.62158203125
7039.22802734375
6904.06103515625
6766.9267578125
6635.4658203125
6503.720703125
6380.6650390625
6270.53466796875
6164.35986328125
6066.90185546875
5971.6484375
5885.357421875
5814.84326171875
5739.92578125
5669.41796875
5600.29150390625
5537.2548828125
5475.40966796875
5417.322265625
5363.8623046875
5311.29052734375
5262.77099609375
5214.79052734375
5169.03173828125
5129.4619140625
5087.560546875
5048.67578125
5010.435546875
4974.796875
4939.21826171875
4904.52392578125
4871.556640625
4834.99072265625
4798.32177734375
4759.1923828125
4719.34619140625
4680.4091796875
4600.4951171875
4525.244140625
4448.8212890625
4375.30029296875
4299.8759765625
4225.56884765625
4154.962890625
4083.24365234375
4014.184326171875
3942.58642578125
