20000.0
20000.0
20000.0
20000.0
20000.0
20000.0
20000.0
20000.0
20000.0
20000.0
20000.0
20000.0
20000.0
20000.0
20000.0
20000.0
20000.0
20000.0
20000.0
20000.0
20000.0
20000.0
20000.0
20000.0
20000.0
20000.0
20000.0
20000.0
20000.0
20000.0
20000.0
20000.0
20000.0
20000.0
20000.0
20000.0
20000.0
20000.0
20000.0
20000.0
20000.0
19999.998046875
20000.0
20000.0
20000.0
18867.822265625
17745.03125
16837.205078125
15968.337890625
15199.08203125
14569.11328125
13930.5107421875
13332.2255859375
12811.7158203125
12362.23828125
11967.6328125
11442.08984375
11030.25
10644.0771484375
10284.4404296875
9925.001953125
9588.4599609375
9288.46875
9001.0302734375
8731.8896484375
8475.2001953125
8241.9560546875
8047.0185546875
7843.7841796875
7653.712890625
7461.71728515625
7274.6455078125
7084.9375
6910.8671875
6758.833984375
6605.884765625
6460.6162109375
6318.2333984375
6188.5087890625
6079.9677734375
5967.17626953125
5864.63427734375
5769.44921875
5686.3818359375
5604.185546875
5524.97607421875
5453.47802734375
5384.822265625
5322.1552734375
5260.76318359375
5202.609375
5152.55419921875
5100.1669921875
5051.9033203125
5004.5107421875
4961.046875
4918.29345703125
4877.7255859375
4840.31787109375
4803.49658203125
4769.0927734375
4734.720703125
4701.1298828125
4669.732421875
4634.57373046875
4599.53857421875
4562.1591796875
4525.216796875
4451.30712890625
4374.80029296875
4299.12939453125
4220.630859375
4145.23876953125
4068.588134765625
3993.469970703125
3926.365966796875
3851.89990234375
3779.411376953125
3704.591796875
3632.786865234375
3559.62646484375
3487.772705078125
3419.2509765625
3349.807861328125
3284.177978515625
3217.26513671875
