20000.0
20000.0
20000.0
20000.0
20000.0
20000.0
20000.0
20000.0
20000.0
20000.0
20000.0
20000.0
20000.0
20000.0
20000.0
20000.0
20000.0
20000.0
20000.0
20000.0
20000.0
20000.0
20000.0
20000.0
20000.0
20000.0
20000.0
20000.0
20000.0
20000.0
20000.0
20000.0
20000.0
20000.0
19999.99609375
20000.0
20000.0
20000.0
19999.994140625
20000.0
20000.0
20000.0
20000.0
20000.0
20000.0
20000.0
20000.0
20000.0
20000.0
20000.0
19557.169921875
18534.037109375
17620.1875
16716.93359375
15921.3076171875
15340.1962890625
14765.146484375
14171.087890625
13622.474609375
13150.6826171875
12737.626953125
12270.9541015625
11814.603515625
11425.4482421875
11083.6494140625
10735.638671875
10396.1875
10107.37109375
9806.90625
9513.28125
9245.4716796875
9019.2177734375
8807.412109375
8607.8740234375
8422.021484375
8235.2783203125
8050.62158203125
7861.171875
7680.5263671875
7538.76123046875
7385.70068359375
7238.50732421875
7091.33544921875
6957.05078125
6829.36083984375
6709.8359375
6600.314453125
6493.5087890625
6400.8076171875
6312.94287109375
6227.78759765625
6153.01318359375
6075.447265625
6004.3720703125
5934.7744140625
5871.50146484375
5809.5400390625
5750.49853515625
5695.86279296875
5641.92919921875
5591.48291015625
5540.9697265625
5491.0947265625
5443.7294921875
5389.57373046875
5336.30224609375
5280.49609375
5186.83837890625
5081.1328125
4976.97802734375
4876.71435546875
4776.15283203125
4687.22705078125
4598.0029296875
4512.1591796875
4435.482421875
4350.513671875
4268.220703125
4183.62646484375
4102.6494140625
4020.329345703125
3939.5986328125
3863.013916015625
3785.540771484375
3712.088134765625
3635.774169921875
