20000.0
20000.0
20000.0
20000.0
20000.0
20000.0
20000.0
20000.0
20000.0
20000.0
20000.0
20000.0
20000.0
20000.0
20000.0
20000.0
20000.0
20000.0
20000.0
20000.0
20000.0
20000.0
20000.0
20000.0
20000.0
20000.0
20000.0
20000.0
19999.93359375
20000.0
20000.0
19999.994140625
20000.0
20000.0
19999.564453125
20000.0
20000.0
20000.0
20000.0
20000.0
20000.0
20000.0
20000.0
20000.0
19688.4375
18489.6953125
17453.0859375
16593.50390625
15743.3408203125
14983.404296875
14390.3193359375
13834.873046875
13350.4560546875
12815.833984375
12333.2958984375
11960.0654296875
11575.4580078125
11101.5634765625
10711.9814453125
10380.36328125
10059.4892578125
9744.5380859375
9447.6279296875
9161.80078125
8897.0546875
8625.515625
8389.2861328125
8199.0400390625
8006.53857421875
7831.1318359375
7653.16845703125
7483.32373046875
7305.5126953125
7130.06298828125
6969.375
6824.66650390625
6687.64892578125
6545.56640625
6408.35009765625
6293.57666015625
6176.49560546875
6070.4560546875
5967.06396484375
5873.23779296875
5788.0400390625
5708.1259765625
5633.060546875
5559.19091796875
5492.3203125
5426.7373046875
5364.9052734375
5311.4990234375
5256.32763671875
5205.56396484375
5155.60400390625
5109.46728515625
5064.03857421875
5020.69921875
4980.73876953125
4941.1162109375
4904.0888671875
4866.6884765625
4829.0537109375
4793.173828125
4751.6552734375
4710.41650390625
4666.95654296875
4594.0859375
4510.1025390625
4427.2275390625
4347.43994140625
4265.63427734375
4187.76220703125
4108.98046875
4031.318359375
3961.20556640625
3883.2646484375
3807.960693359375
3730.820556640625
3657.173095703125
3582.426513671875
3509.160400390625
3439.67333984375
3369.34375
3301.86669921875
3230.8505859375
