20000.0
20000.0
20000.0
20000.0
20000.0
20000.0
20000.0
20000.0
20000.0
20000.0
20000.0
20000.0
20000.0
20000.0
20000.0
20000.0
20000.0
20000.0
20000.0
20000.0
20000.0
20000.0
20000.0
20000.0
20000.0
20000.0
20000.0
20000.0
20000.0
20000.0
20000.0
20000.0
20000.0
20000.0
20000.0
20000.0
20000.0
20000.0
20000.0
20000.0
20000.0
20000.0
20000.0
20000.0
20000.0
19512.630859375
18407.5859375
17439.0859375
16590.533203125
15830.4306640625
15125.142578125
14510.9873046875
13996.0595703125
13548.396484375
13174.3857421875
12727.5537109375
12234.462890625
11823.076171875
11484.740234375
11171.2421875
10856.4345703125
10561.3173828125
10261.0859375
9980.73046875
9718.349609375
9475.8974609375
9265.6015625
9040.8564453125
8836.93359375
8637.833984375
8455.1123046875
8291.2294921875
8130.0595703125
7973.28955078125
7815.94287109375
7673.3935546875
7537.294921875
7408.640625
7296.46142578125
7178.03466796875
7074.8876953125
6975.98974609375
6883.79833984375
6793.65869140625
6707.9833984375
6628.23193359375
6548.478515625
6471.5537109375
6386.869140625
6299.29296875
6218.7900390625
6074.638671875
5923.0185546875
5765.12646484375
5616.25
5468.51123046875
5327.2080078125
5195.38134765625
5060.919921875
4932.58056640625
4807.63720703125
4690.02490234375
4587.1650390625
4476.8173828125
4372.515625
4267.52880859375
4165.55224609375
4060.562255859375
3959.625244140625
3865.634521484375
3771.710205078125
3683.58544921875
3595.268798828125
3508.703369140625
3431.551025390625
3347.789306640625
3268.77099609375
3189.309814453125
3113.7939453125
3038.0107421875
2964.952392578125
2897.3232421875
2830.5224609375
2767.838134765625
2704.82177734375
