20000.0
20000.0
20000.0
20000.0
20000.0
20000.0
20000.0
20000.0
20000.0
20000.0
20000.0
20000.0
20000.0
20000.0
20000.0
20000.0
20000.0
20000.0
20000.0
20000.0
20000.0
20000.0
20000.0
20000.0
20000.0
20000.0
19999.99609375
20000.0
20000.0
20000.0
19999.068359375
20000.0
20000.0
20000.0
20000.0
19999.99609375
19999.98046875
20000.0
20000.0
19999.998046875
20000.0
20000.0
20000.0
20000.0
20000.0
19248.962890625
18237.955078125
17315.361328125
16450.828125
15695.0078125
15040.578125
14424.9130859375
13870.1328125
13406.7578125
12989.603515625
12644.28515625
12290.0234375
11969.4619140625
11647.2529296875
11313.4384765625
10925.67578125
10609.576171875
10338.978515625
10073.458984375
9840.0791015625
9589.4375
9347.41796875
9141.9033203125
8935.8251953125
8748.763671875
8561.0859375
8384.6337890625
8211.705078125
8046.14697265625
7894.1962890625
7755.51220703125
7627.2626953125
7494.22998046875
7362.1787109375
7247.17822265625
7129.30419921875
7021.88623046875
6915.79833984375
6816.8681640625
6719.9599609375
6632.1181640625
6552.6259765625
6472.92041015625
6399.93896484375
6328.07421875
6258.482421875
6196.9921875
6127.2958984375
6055.80517578125
5979.09521484375
5903.31201171875
5770.84814453125
5630.17529296875
5492.3837890625
5353.4287109375
5223.93701171875
5095.82373046875
4973.05810546875
4864.2119140625
4747.56201171875
4642.14453125
4535.97314453125
4435.962890625
4335.0859375
4236.67333984375
4143.7001953125
4049.7626953125
3957.015380859375
3863.256103515625
3772.90771484375
3694.089599609375
3609.73779296875
3530.35888671875
3450.640380859375
3375.191650390625
3298.238037109375
3222.3984375
3150.6171875
3078.39453125
3010.322265625
2941.7529296875
