20000.0
20000.0
20000.0
20000.0
20000.0
20000.0
20000.0
20000.0
20000.0
20000.0
20000.0
20000.0
19999.998046875
20000.0
20000.0
20000.0
20000.0
20000.0
20000.0
20000.0
20000.0
20000.0
20000.0
20000.0
20000.0
20000.0
20000.0
20000.0
20000.0
20000.0
20000.0
20000.0
20000.0
19999.9921875
19999.998046875
20000.0
20000.0
20000.0
20000.0
20000.0
20000.0
20000.0
20000.0
20000.0
20000.0
20000.0
19455.478515625
18355.767578125
17388.80078125
16539.884765625
15778.8779296875
15073.9970703125
14464.4462890625
13963.939453125
13515.9169921875
13140.931640625
12689.962890625
12143.962890625
11745.12890625
11419.298828125
11096.7783203125
10789.6650390625
10482.9072265625
10173.18359375
9897.2763671875
9637.8330078125
9393.9853515625
9185.6689453125
8964.2158203125
8762.16796875
8563.234375
8382.3779296875
8217.3271484375
8054.177734375
7895.75341796875
7737.521484375
7595.916015625
7459.77001953125
7331.02783203125
7218.20654296875
7101.1533203125
7000.2275390625
6901.7021484375
6809.6005859375
6720.02783203125
6634.8828125
6556.2119140625
6477.58203125
6403.400390625
6323.60400390625
6240.3583984375
6163.33984375
6063.6953125
5913.81005859375
5760.51416015625
5614.18505859375
5467.5029296875
5326.90087890625
5196.419921875
5064.90234375
4938.93994140625
4814.43017578125
4697.64697265625
4595.14697265625
4484.9716796875
4381.06640625
4276.47705078125
4177.466796875
4073.180419921875
3971.460693359375
3876.591064453125
3782.212646484375
3693.960205078125
3605.55810546875
3519.559814453125
3443.0244140625
3359.68896484375
3280.71630859375
3201.02685546875
3125.358642578125
3049.662841796875
2976.294921875
2907.896728515625
2840.364501953125
2777.65283203125
2714.875244140625
