20000.0
20000.0
20000.0
20000.0
20000.0
20000.0
20000.0
20000.0
20000.0
20000.0
20000.0
20000.0
20000.0
20000.0
20000.0
20000.0
20000.0
20000.0
20000.0
20000.0
20000.0
20000.0
20000.0
20000.0
20000.0
20000.0
20000.0
20000.0
20000.0
20000.0
20000.0
20000.0
20000.0
20000.0
20000.0
20000.0
20000.0
20000.0
19999.97265625
20000.0
20000.0
20000.0
20000.0
20000.0
20000.0
20000.0
19051.130859375
18016.392578125
17109.212890625
16255.029296875
15484.5849609375
14799.9697265625
14197.5791015625
13633.8671875
13187.0205078125
12766.060546875
12383.171875
12063.2041015625
11732.0654296875
11419.423828125
10991.8525390625
10653.1318359375
10364.4541015625
10112.1533203125
9867.90625
9620.07421875
9374.9423828125
9131.8486328125
8901.0830078125
8711.4306640625
8516.408203125
8335.4228515625
8157.87158203125
7994.2021484375
7830.509765625
7675.880859375
7530.3984375
7385.40283203125
7262.39013671875
7135.51806640625
7006.94091796875
6891.96337890625
6770.55859375
6662.02783203125
6557.3544921875
6460.44921875
6365.22607421875
6275.66064453125
6196.291015625
6119.75537109375
6047.5029296875
5975.9111328125
5908.12744140625
5849.68798828125
5787.88671875
5730.70703125
5674.08447265625
5621.53515625
5568.6650390625
5516.93212890625
5466.2109375
5410.35546875
5354.28955078125
5294.93603515625
5223.61181640625
5118.0126953125
5002.9287109375
4892.2109375
4780.23681640625
4675.52783203125
4578.87060546875
4485.16259765625
4395.7978515625
4303.4970703125
4214.416015625
4123.17333984375
4033.4853515625
3953.9814453125
3867.716552734375
3786.096923828125
3703.6806640625
3623.185546875
3540.109375
3459.960205078125
3385.17822265625
3310.435546875
3240.2646484375
3169.859375
