20000.0
20000.0
20000.0
20000.0
20000.0
20000.0
20000.0
20000.0
20000.0
20000.0
20000.0
20000.0
20000.0
20000.0
20000.0
20000.0
20000.0
20000.0
20000.0
20000.0
20000.0
20000.0
20000.0
20000.0
20000.0
19999.998046875
20000.0
20000.0
20000.00390625
19999.9921875
20000.0
20000.0
20000.0
20000.0
20000.0
20000.0
20000.0
20000.0
20000.0
20000.0
19999.998046875
19999.9921875
19999.998046875
20000.0
20000.0
20000.0
19999.998046875
20000.0
19999.998046875
20000.0
20000.0
20000.0
20000.0
20000.0
19999.99609375
19002.591796875
17980.947265625
16854.42578125
15839.8369140625
14880.68359375
14017.59375
13255.0283203125
12646.4560546875
12079.7099609375
11524.2568359375
11030.46875
10500.15625
9986.7783203125
9479.8154296875
9055.9150390625
8669.0576171875
8305.3330078125
7975.169921875
7685.228515625
7422.943359375
7168.9892578125
6937.3828125
6747.74755859375
6555.53564453125
6394.8037109375
6244.12744140625
6104.66845703125
5969.93896484375
5845.833984375
5734.8125
5627.201171875
5530.2529296875
5437.1943359375
5351.853515625
5279.85498046875
5205.5078125
5138.16162109375
5073.19482421875
5014.70751953125
4958.4638671875
4905.822265625
4857.859375
4811.4287109375
4769.1025390625
4728.044921875
4689.54150390625
4656.65966796875
4622.5224609375
4591.3828125
4561.00634765625
4533.25830078125
4506.2177734375
4480.728515625
4457.3046875
4434.37353515625
4413.29736328125
4392.5263671875
4372.54443359375
4354.98828125
4334.98046875
4315.11767578125
4294.10791015625
4273.416015625
4251.7236328125
4217.248046875
4169.4580078125
4120.26953125
4074.07470703125
4025.305908203125
