20000.0
20000.0
20000.0
20000.0
20000.0
20000.0
20000.0
20000.0
20000.0
20000.0
20000.0
20000.0
20000.0
20000.0
20000.0
20000.0
20000.0
20000.0
20000.0
20000.0
20000.0
20000.0
20000.0
20000.0
20000.0
20000.0
20000.0
20000.0
19999.712890625
19999.31640625
19999.99609375
20000.0
20000.0
20000.0
20000.0
20000.0
20000.0
20000.0
20000.0
20000.0
20000.0
20000.0
20000.0
20000.0
20000.0
19999.583984375
20000.0
20000.0
20000.0
20000.0
20000.0
19999.994140625
20000.0
20000.0
20000.0
20000.0
20000.0
20000.0
20000.0
20000.0
19442.82421875
18465.341796875
17586.337890625
16553.943359375
15660.6044921875
14800.1962890625
14086.359375
13377.015625
12797.1591796875
12273.3046875
11790.669921875
11298.171875
10821.3642578125
10376.85546875
9893.515625
9471.1064453125
9092.0615234375
8748.89453125
8453.30078125
8140.42626953125
7875.60400390625
7624.73486328125
7395.76416015625
7173.61474609375
6971.525390625
6793.2607421875
6622.62255859375
6480.009765625
6344.837890625
6215.85595703125
6104.21435546875
5988.93017578125
5884.0
5781.42041015625
5686.8984375
5596.7158203125
5514.2548828125
5438.88525390625
5365.74658203125
5299.21630859375
5234.671875
5174.23046875
5123.1259765625
5070.15087890625
5022.0966796875
4975.60302734375
4933.125
4891.67138671875
4852.43310546875
4816.5302734375
4781.51416015625
4749.2734375
4717.8212890625
4688.06884765625
4662.41357421875
4635.4990234375
4610.7529296875
4586.45654296875
4563.9765625
4541.7685546875
4520.36376953125
4500.32568359375
4479.01611328125
4458.01171875
4435.81396484375
