20000.0
20000.0
20000.0
20000.0
20000.0
20000.0
20000.0
20000.0
20000.0
20000.0
20000.0
20000.0
20000.0
20000.0
20000.0
20000.0
20000.0
20000.0
20000.0
20000.0
20000.0
20000.0
20000.0
20000.0
19999.96875
20000.0
20000.0
20000.0
20000.0
20000.0
20000.0
20000.0
20000.0
20000.0
20000.0
20000.0
20000.0
20000.0
20000.0
19999.9921875
20000.0
19999.998046875
20000.0
20000.0
20000.0
20000.0
19999.998046875
20000.0
20000.0
20000.0
20000.0
19547.189453125
18387.890625
17142.09375
16113.09765625
15071.4296875
14121.146484375
13289.4150390625
12631.3466796875
12019.884765625
11418.9658203125
10844.3857421875
10271.7783203125
9720.3408203125
9197.4267578125
8755.650390625
8395.2509765625
8017.2041015625
7700.279296875
7406.11669921875
7140.541015625
6890.2685546875
6666.859375
6469.6337890625
6295.94287109375
6141.59912109375
5989.88037109375
5852.5703125
5737.916015625
5619.52001953125
5513.583984375
5413.3994140625
5324.1884765625
5239.08984375
5160.1630859375
5089.1474609375
5021.27734375
4960.4658203125
4901.97021484375
4847.3330078125
4801.09521484375
4753.123046875
4709.84326171875
4668.00146484375
4630.16943359375
4593.59912109375
4559.3125
4528.18798828125
4498.0849609375
4470.6455078125
4443.9765625
4418.8740234375
4397.400390625
4374.923828125
4354.208984375
4333.79345703125
4314.40234375
4293.64892578125
4272.1806640625
4250.8388671875
4228.34912109375
4206.17333984375
4155.13720703125
4101.8955078125
4055.70654296875
4003.420166015625
3951.996337890625
3898.63037109375
3847.294189453125
3795.316650390625
3744.258056640625
3695.38330078125
3644.983154296875
3596.01953125
3545.08544921875
