20000.0
20000.0
20000.0
20000.0
20000.0
20000.0
20000.0
20000.0
20000.0
20000.0
20000.0
20000.0
20000.0
20000.0
20000.0
20000.0
20000.0
20000.0
20000.0
20000.0
20000.0
20000.0
20000.0
20000.0
20000.0
19999.7890625
20000.0
20000.0
20000.0
20000.0
19999.99609375
20000.0
20000.0
19999.99609375
20000.0
20000.0
20000.0
20000.0
20000.0
20000.0
20000.0
19999.994140625
20000.0
20000.0
20000.0
20000.0
20000.0
20000.0
20000.0
20000.0
20000.0
20000.0
20000.0
18950.880859375
17730.01171875
16552.8125
15598.1669921875
14616.619140625
13762.3701171875
12999.857421875
12378.3349609375
11790.15625
11219.201171875
10669.3193359375
10117.25
9608.5078125
9083.609375
8639.107421875
8287.513671875
7926.7197265625
7606.01025390625
7324.0869140625
7067.9697265625
6822.24951171875
6599.59716796875
6405.4404296875
6222.92041015625
6071.29638671875
5925.11572265625
5790.712890625
5677.54833984375
5561.095703125
5457.0703125
5358.74365234375
5270.72802734375
5186.4345703125
5108.21142578125
5037.8837890625
4970.02294921875
4909.53759765625
4851.3564453125
4796.9423828125
4750.78271484375
4702.97607421875
4659.64013671875
4617.75537109375
4579.775390625
4543.07958984375
4508.62939453125
4477.31689453125
4447.02294921875
4419.52392578125
4392.7919921875
4367.65283203125
4346.19482421875
4323.81640625
4303.33740234375
4283.32666015625
4265.0361328125
4247.11083984375
4229.8583984375
4213.11376953125
4194.9296875
4176.5126953125
4156.7626953125
4136.4638671875
4117.66162109375
4074.046142578125
4024.287109375
3974.3916015625
3925.084716796875
3873.393798828125
3821.525634765625
3771.952880859375
3721.48828125
3673.40673828125
3624.230712890625
