20000.0
20000.0
20000.0
20000.0
20000.0
20000.0
20000.0
20000.0
20000.0
20000.0
20000.0
20000.0
20000.0
20000.0
20000.0
20000.0
20000.0
20000.0
20000.0
20000.0
20000.0
20000.0
20000.0
20000.0
20000.0
20000.0
20000.0
20000.0
20000.0
20000.0
19999.974609375
20000.0
20000.0
20000.001953125
20000.0
20000.0
20000.0
20000.0
20000.0
20000.0
20000.0
20000.0
20000.0
20000.0
20000.0
20000.0
20000.0
20000.0
19999.998046875
19999.560546875
20000.0
20000.0
20000.0
20000.0
20000.0
20000.0
20000.0
20000.0
20000.0
20000.0
20000.0
20000.0
20000.0
19006.55859375
18096.353515625
17004.529296875
16087.1162109375
15215.4228515625
14393.875
13696.345703125
13053.5634765625
12519.8046875
12012.5546875
11532.259765625
11034.6962890625
10548.009765625
10099.099609375
9620.322265625
9199.115234375
8825.3671875
8487.876953125
8199.259765625
7892.52734375
7642.42578125
7399.88427734375
7177.97119140625
6962.98291015625
6767.6328125
6594.9462890625
6430.14599609375
6292.1748046875
6159.95654296875
6032.595703125
5923.30126953125
5811.86328125
5711.75830078125
5614.43017578125
5526.10107421875
5440.82080078125
5361.58642578125
5290.25830078125
5221.29345703125
5158.56298828125
5097.7568359375
5040.4326171875
4992.04345703125
4941.69287109375
4895.7099609375
4850.7333984375
4809.71044921875
4769.61376953125
4731.74853515625
4697.1728515625
4663.35888671875
4632.44384765625
4602.3056640625
4573.7412109375
4549.1845703125
4523.41064453125
4499.77001953125
4476.62109375
4455.26318359375
4434.28955078125
4414.3359375
4395.91015625
4377.685546875
4360.67041015625
4343.693359375
