20000.0
20000.0
20000.0
20000.0
20000.0
20000.0
20000.0
20000.0
20000.0
20000.0
20000.0
20000.0
20000.0
20000.0
20000.0
20000.0
20000.0
20000.0
20000.0
20000.0
20000.0
20000.0
20000.0
20000.0
20000.0
20000.0
20000.0
20000.0
19999.80078125
20000.0
20000.0
20000.0
20000.0
20000.0
20000.0
19999.998046875
20000.0
20000.0
20000.0
20000.0
20000.0
20000.0
20000.0
20000.0
20000.0
20000.0
20000.0
19999.998046875
20000.0
20000.0
20000.0
20000.0
19717.80859375
18371.146484375
17276.46484375
16222.8359375
15180.0322265625
14229.2392578125
13360.8203125
12664.92578125
12001.5361328125
11433.6279296875
10891.10546875
10380.8134765625
9841.0693359375
9365.568359375
8962.85546875
8572.955078125
8214.8466796875
7900.2880859375
7607.33349609375
7360.19970703125
7114.26806640625
6900.90966796875
6701.55322265625
6538.25048828125
6382.23095703125
6235.990234375
6106.4287109375
5981.662109375
5868.595703125
5759.755859375
5658.73876953125
5571.55908203125
5482.6953125
5402.9619140625
5326.70458984375
5258.2431640625
5192.6962890625
5131.89111328125
5078.72607421875
5027.0244140625
4980.130859375
4934.9873046875
4892.6357421875
4856.703125
4818.8173828125
4782.18115234375
4743.927734375
4706.9599609375
4668.64892578125
4624.33935546875
4550.9443359375
4475.8857421875
4403.6552734375
4328.04443359375
4252.48974609375
4184.78076171875
4111.07177734375
4040.955078125
3968.77197265625
3898.48974609375
3825.46533203125
3752.7080078125
3683.21044921875
3612.721435546875
3546.00146484375
3478.95166015625
3413.683349609375
3355.983642578125
3292.91162109375
3230.98974609375
3168.651611328125
3110.638427734375
3053.00341796875
2997.462890625
2945.4423828125
2893.452392578125
2844.66845703125
2795.49462890625
