20000.0
20000.0
20000.0
20000.0
20000.0
20000.0
20000.0
20000.0
20000.0
20000.0
20000.0
20000.0
20000.0
20000.0
20000.0
20000.0
20000.0
20000.0
20000.0
20000.0
20000.0
20000.0
20000.0
20000.0
20000.0
20000.0
20000.0
20000.0
20000.0
20000.0
20000.0
20000.0
20000.0
20000.0
20000.0
20000.0
20000.0
20000.0
19999.998046875
20000.0
19999.986328125
19999.998046875
20000.0
20000.0
20000.0
20000.0
20000.0
20000.0
20000.0
19999.998046875
20000.0
19199.47265625
17964.5078125
16923.08203125
15868.3984375
14859.474609375
13953.0009765625
13112.7216796875
12437.126953125
11796.3330078125
11241.5888671875
10707.1123046875
10208.21484375
9671.8388671875
9198.470703125
8801.0205078125
8417.72265625
8064.81103515625
7751.21826171875
7462.400390625
7218.3701171875
6974.779296875
6763.7900390625
6566.11181640625
6404.0634765625
6250.89111328125
6106.552734375
5978.99560546875
5856.1279296875
5744.73681640625
5637.421875
5537.9970703125
5452.66162109375
5365.05712890625
5286.61376953125
5213.70703125
5147.78466796875
5084.43994140625
5025.5556640625
4972.4609375
4921.369140625
4875.2861328125
4831.4638671875
4790.58203125
4756.166015625
4720.28173828125
4687.419921875
4654.9736328125
4623.82177734375
4590.88525390625
4557.2783203125
4524.42138671875
4490.13720703125
4425.08251953125
4354.76220703125
4286.0400390625
4222.93408203125
4152.33740234375
4084.334228515625
4015.02734375
3949.05859375
3881.411376953125
3813.67919921875
3747.69482421875
3679.662841796875
3614.3857421875
3548.01123046875
3483.310791015625
3426.0322265625
3363.907470703125
3305.092041015625
3245.72900390625
3188.536376953125
3128.799072265625
3070.886962890625
3016.960693359375
2963.268798828125
2913.0283203125
2862.821044921875
