20000.0
20000.0
20000.0
20000.0
20000.0
20000.0
20000.0
20000.0
20000.0
20000.0
20000.0
20000.0
20000.0
20000.0
20000.0
20000.0
20000.0
20000.0
20000.0
20000.0
20000.0
20000.0
20000.0
20000.0
20000.0
19999.923828125
20000.0
20000.0
19999.87890625
20000.0
20000.0
20000.0
20000.0
20000.0
19999.998046875
20000.0
20000.0
20000.0
19999.943359375
20000.0
20000.0
19999.998046875
20000.0
20000.0
20000.0
20000.0
20000.0
19999.998046875
19343.517578125
18014.37890625
16933.26171875
16036.3466796875
14981.9267578125
14116.4951171875
13260.115234375
12496.8056640625
11906.6416015625
11351.8896484375
10847.6826171875
10339.0986328125
9865.0126953125
9377.6455078125
8900.763671875
8501.0244140625
8137.9013671875
7805.24560546875
7483.7568359375
7211.7373046875
6980.73486328125
6742.623046875
6533.998046875
6340.6787109375
6170.27685546875
6020.78466796875
5885.15576171875
5759.44482421875
5640.47021484375
5532.89599609375
5430.9501953125
5336.35302734375
5256.330078125
5172.474609375
5097.43212890625
5026.19677734375
4962.1982421875
4900.67578125
4843.396484375
4791.6357421875
4741.68896484375
4696.46728515625
4652.78759765625
4612.1318359375
4577.40771484375
4541.921875
4509.716796875
4478.47802734375
4450.02001953125
4422.32861328125
4396.18408203125
4372.15673828125
4348.43115234375
4326.18798828125
4301.99609375
4276.912109375
4253.67333984375
4227.498046875
4198.78662109375
4138.490234375
4079.371337890625
4018.734130859375
3957.0048828125
3896.8046875
3834.862548828125
3775.70703125
3715.72900390625
3656.291015625
3602.648193359375
3542.9892578125
3485.4775390625
3426.432373046875
3369.94091796875
3312.49560546875
3256.19921875
3202.821044921875
3148.816650390625
3097.64990234375
3045.905029296875
