20000.0
20000.0
20000.0
20000.0
20000.0
20000.0
20000.0
20000.0
20000.0
20000.0
20000.0
20000.0
20000.0
20000.0
20000.0
20000.0
20000.0
20000.0
20000.0
20000.0
20000.0
20000.0
20000.0
20000.0
20000.0
19999.95703125
20000.0
20000.0
20000.0
19999.99609375
20000.0
20000.0
20000.0
20000.0
20000.0
20000.0
20000.0
20000.0
20000.0
20000.0
20000.0
20000.0
20000.0
20000.0
20000.0
20000.0
20000.0
20000.0
19999.998046875
18691.041015625
17515.357421875
16536.251953125
15419.2919921875
14485.6484375
13575.33984375
12771.568359375
12164.2919921875
11578.765625
11041.7939453125
10504.279296875
10006.1826171875
9471.5546875
8995.0263671875
8599.30859375
8224.7568359375
7880.44384765625
7571.1376953125
7290.419921875
7055.3544921875
6817.53564453125
6612.123046875
6419.70068359375
6259.623046875
6110.90625
5970.42626953125
5845.16552734375
5724.28173828125
5615.00927734375
5510.47607421875
5412.505859375
5332.24169921875
5249.43701171875
5175.00732421875
5103.64794921875
5039.52197265625
4978.69384765625
4922.412109375
4871.6171875
4822.69189453125
4778.58984375
4736.3671875
4696.998046875
4663.5166015625
4628.72998046875
4597.04833984375
4566.205078125
4537.98876953125
4510.22265625
4483.400390625
4456.326171875
4427.6328125
4399.22607421875
4369.333984375
4327.42822265625
4268.46044921875
4204.1591796875
4141.40380859375
4075.401611328125
4011.272216796875
3945.50927734375
3880.796142578125
3819.209228515625
3755.947265625
3694.548583984375
3630.8642578125
3567.544677734375
3511.078857421875
3449.454833984375
3390.808349609375
3331.431640625
3275.20947265625
3218.372802734375
3162.769775390625
3109.116455078125
3052.988037109375
3000.16455078125
2947.6279296875
