25400.0
25400.0
25400.0
25150.26953125
25036.478515625
25036.4765625
25036.4765625
25036.4765625
25036.4765625
25036.4765625
25063.98046875
25074.091796875
25076.333984375
25078.740234375
25080.048828125
25081.146484375
25082.076171875
25082.98046875
25083.828125
25084.55859375
25085.3046875
25086.005859375
25086.66015625
25087.279296875
25087.779296875
25087.64453125
25087.05859375
25116.001953125
35388.83203125
46813.11328125
55638.2421875
62056.0234375
68243.328125
72915.609375
77212.875
80566.5703125
83519.359375
86423.4375
89135.421875
91501.1953125
93374.015625
95341.4375
100110.5859375
104906.171875
111862.375
119117.5546875
127016.5234375
134859.5625
142783.5625
150614.90625
158056.96875
165585.828125
171915.59375
177891.328125
175822.484375
171025.28125
165995.171875
161707.9375
157655.875
154059.609375
150159.015625
148142.140625
146047.359375
143719.015625
141964.953125
140620.75
139505.0625
138701.953125
138317.34375
138245.21875
138265.203125
138333.515625
138360.03125
138426.703125
138790.84375
138833.734375
138535.390625
138002.5
137368.59375
136871.171875
136269.546875
135501.875
134493.328125
133562.625
132609.5
131616.109375
130570.9609375
129446.75
128356.6171875
127219.7890625
126032.78125
124965.421875
123836.3828125
122791.7734375
121743.984375
120756.3125
119807.765625
118895.90625
118039.9765625
117188.421875
116393.734375
115633.625
114890.6640625
114239.1796875
113544.578125
112898.140625
112258.8515625
111666.125
111080.8046875
110515.5
109983.0546875
109459.2578125
108975.421875
108499.7890625
108046.84375
107655.6875
107243.828125
106863.8046875
106490.5625
106146.6875
105809.5859375
105488.9921875
105196.21875
104912.09375
104654.109375
104405.3359375
