25400.0
25400.0
25396.876953125
24990.0546875
24976.30859375
24976.30859375
24976.30859375
24979.1875
25019.77734375
25024.8671875
25026.927734375
25028.689453125
25031.001953125
25032.7578125
25034.052734375
25035.15625
25036.23046875
25037.232421875
25038.11328125
25039.01171875
25039.859375
25040.669921875
25041.39453125
25041.759765625
25041.89453125
25043.76953125
28214.287109375
40175.89453125
50648.81640625
58796.90625
65223.484375
70887.5546875
75535.9921875
79607.4609375
82868.6796875
85755.9140625
88609.25
91065.03125
93447.4375
95329.953125
97093.09375
98762.0078125
102661.4453125
107511.421875
113832.8671875
120690.6953125
127983.984375
135721.734375
143345.484375
150616.28125
158055.96875
164823.15625
171078.625
173539.703125
169212.515625
164390.890625
159893.625
156222.015625
152872.953125
149495.796875
146541.609375
145288.859375
143143.421875
141080.671875
139615.09375
138377.46875
137437.15625
136773.0625
136506.71875
136375.09375
136322.734375
136283.546875
136203.5
136445.171875
136632.828125
136500.65625
136128.21875
135616.421875
135097.421875
134617.1875
134090.875
133312.671875
132434.15625
131573.828125
130714.7734375
129832.25
128850.46875
127855.6171875
126825.484375
125793.8515625
124818.828125
123733.84375
122728.1640625
121736.7734375
120807.4609375
119858.53125
118944.4375
118093.46875
117240.3671875
116447.5234375
115659.8359375
114903.2265625
114243.921875
113543.015625
112889.78125
112251.4921875
111668.1796875
111091.21875
110538.8125
110026.3828125
109519.9453125
109050.9609375
108588.4765625
108146.21875
107758.4609375
107362.3203125
106996.109375
106639.015625
106314.1875
105999.546875
105718.25
105480.3046875
105267.5546875
105086.2421875
104921.5859375
