25400.0
25400.0
25400.0
25289.640625
24999.58203125
24999.58203125
24999.58203125
24999.58203125
24999.58203125
25024.19921875
25041.66796875
25044.640625
25046.37109375
25048.71875
25050.255859375
25051.439453125
25052.462890625
25053.458984375
25054.4140625
25055.2109375
25056.056640625
25056.82421875
25057.57421875
25058.27734375
25058.943359375
25058.9453125
25059.232421875
25064.556640625
30472.27734375
42685.828125
52318.1328125
58979.34765625
65210.69921875
70123.890625
74653.0703125
78123.921875
81144.65625
84018.5625
86846.28125
89290.109375
91170.4453125
93344.2421875
98174.609375
103191.71875
110213.28125
117494.4140625
125610.296875
133486.984375
141534.84375
149527.6875
157280.59375
164788.828125
171245.390625
177445.484375
178716.109375
173854.453125
168419.171875
164114.234375
159845.1875
156051.265625
152511.84375
149325.140625
147657.8125
145235.21875
143021.171875
141425.453125
140045.609375
139075.328125
138574.125
138333.09375
138191.8125
138132.546875
138062.359375
138164.328125
138442.96875
138430.609375
138144.828125
137633.671875
137029.40625
136580.984375
136021.34375
135281.9375
134308.90625
133418.984375
132513.796875
131553.640625
130535.8515625
129435.515625
128366.515625
127252.0703125
126081.7421875
125028.71875
123914.7265625
122883.6328125
121843.671875
120857.71875
119879.4609375
118935.15625
118053.90625
117188.59375
116403.1796875
115624.890625
114874.75
114217.6875
113514.875
112860.6796875
112232.34375
111653.6953125
111079.0234375
110528.9296875
110018.84375
109508.671875
109027.7734375
108554.4375
108103.5703125
107714.171875
107303.84375
106925.9140625
106554.953125
106214.84375
105884.140625
105574.046875
105292.703125
105032.5234375
104812.84375
104616.3515625
