25400.0
25400.0
25386.134765625
25047.2421875
25047.2421875
25047.2421875
25047.2421875
25047.2421875
25058.37109375
25082.66796875
25085.982421875
25088.693359375
25090.171875
25091.328125
25092.412109375
25093.384765625
25094.318359375
25095.1953125
25095.9296875
25096.6796875
25097.302734375
25097.2890625
25097.501953125
27618.099609375
40392.9609375
51275.41015625
59570.62109375
66291.5078125
71946.3359375
76441.859375
79765.59375
83401.0546875
86552.265625
89015.1171875
93251.3046875
99007.6015625
107156.28125
115745.796875
125420.7578125
134654.8125
144364.578125
153881.8125
162380.8125
170605.28125
177843.0625
178144.484375
171778.234375
165961.640625
160738.296875
156224.9375
151845.765625
148989.984375
146177.921875
143438.4375
141751.015625
140138.078125
139107.65625
138683.421875
138491.96875
138440.953125
138377.875
138683.71875
138860.578125
138582.359375
137984.046875
137309.34375
136734.03125
135944.109375
134803.796875
133696.890625
132629.546875
131423.5
130104.40625
128809.390625
127455.0390625
126074.7734375
124690.953125
123380.3046875
122231.9609375
120996.234375
119854.5859375
118725.0546875
117718.28125
116726.171875
115777.5390625
114895.7734375
114023.640625
113248.46875
112479.8359375
111748.75
111118.5859375
110457.421875
109842.5703125
109230.7421875
108670.96875
108125.296875
107610.890625
107140.875
106684.0703125
106268.734375
105868.2421875
105497.15625
105185.21875
104885.1484375
104636.078125
104418.3125
104236.5546875
104075.484375
104210.859375
104472.75
104717.4765625
104944.375
105160.0703125
105349.59375
105493.3359375
105630.7890625
105750.2109375
105873.484375
105989.578125
106099.5078125
106194.4375
106267.5390625
106322.5234375
106356.1875
106370.0546875
