25400.0
25400.0
25399.935546875
25093.919921875
25093.919921875
25093.919921875
25093.919921875
25093.919921875
25093.919921875
25093.919921875
25101.478515625
25123.568359375
25127.640625
25129.033203125
25130.05859375
25131.025390625
25131.875
25132.6953125
25133.458984375
25134.091796875
25134.728515625
25135.22265625
25135.1328125
25134.810546875
27680.685546875
40844.703125
51963.859375
60319.09375
67101.9375
72750.7734375
77239.7578125
80573.5234375
84133.5234375
87344.359375
89900.890625
93496.53125
99136.109375
107006.234375
115435.546875
124834.84375
134073.859375
143662.96875
153045.046875
161658.09375
169927.125
177123.40625
179140.1875
172579.9375
166560.828125
161280.328125
156645.65625
152152.578125
149539.8125
146616.890625
143924.703125
142222.59375
140645.234375
139682.890625
139312.375
139166.609375
139140.203125
139078.890625
139441.578125
139527.484375
139176.4375
138510.453125
137819.515625
137190.0625
136264.453125
135096.078125
133960.25
132830.078125
131550.25
130183.953125
128854.6015625
127454.0625
126035.96875
124640.515625
123317.8984375
122148.9296875
120903.109375
119750.5625
118622.09375
117606.9296875
116606.515625
115647.703125
114755.6796875
113883.953125
113103.8125
112333.7734375
111602.4609375
110973.375
110299.28125
109677.0546875
109070.703125
108515.65625
107975.3125
107466.3515625
107002.1640625
106551.375
106142.375
105749.609375
105386.203125
105082.9609375
104800.234375
104565.984375
104359.140625
104186.2890625
104070.71875
104347.09375
104589.5859375
104828.671875
105047.3515625
105245.7421875
105416.4296875
105551.75
105681.2109375
105798.28125
105919.046875
106030.15625
106132.8046875
106216.125
106279.0625
106324.7578125
106345.546875
106351.0078125
