25400.0
25400.0
25368.01171875
24803.865234375
24577.724609375
24516.49609375
24496.412109375
24493.310546875
24496.46484375
24501.17578125
24506.18359375
24510.78125
24515.36328125
24520.138671875
24524.09765625
24529.4765625
24535.439453125
24542.529296875
24551.474609375
24561.806640625
24577.357421875
24599.59375
24628.27734375
24667.6328125
24731.736328125
25093.716796875
27142.548828125
31695.517578125
38098.7890625
45460.65234375
51715.71875
56437.53515625
61100.40234375
65172.65234375
68293.28125
74840.625
81768.84375
90350.59375
100177.8671875
110573.84375
121098.5390625
132367.921875
143153.671875
152243.359375
162123.9375
170565.1875
177276.65625
182915.734375
177154.25
171582.6875
167014.71875
162353.0
157913.90625
153813.921875
149245.5625
147279.921875
144208.359375
141387.21875
139386.484375
137735.71875
136517.875
135940.390625
135393.609375
134819.953125
134336.953125
133891.046875
133618.421875
133378.640625
132930.140625
132144.03125
131414.78125
130691.0234375
129817.125
128814.9765625
127813.5234375
126726.203125
125620.109375
124440.96875
123298.53125
122282.4765625
121183.953125
120158.3203125
119136.4296875
118186.734375
117241.546875
116336.375
115497.484375
114673.921875
113917.421875
113183.5546875
112499.96875
111947.734375
111396.765625
110912.34375
110533.8046875
110492.140625
110420.9140625
110355.328125
110320.4609375
110353.828125
110510.1796875
110626.5078125
110726.7265625
110812.3046875
110883.3515625
110935.3046875
110966.2734375
110972.1484375
110954.8671875
110915.921875
110861.5
110822.8125
110806.4453125
110752.03125
110663.8359375
110563.203125
110432.5546875
110291.171875
110130.6328125
109978.171875
109818.3515625
109651.375
109482.4765625
109293.0078125
109104.8671875
108907.4375
