25400.0
25400.0
25251.16015625
24617.759765625
24492.48046875
24239.958984375
24140.73828125
24126.787109375
24126.900390625
24129.78515625
24136.755859375
24144.59765625
24155.046875
24168.314453125
24186.728515625
24213.892578125
24261.939453125
24332.65625
24473.435546875
24670.48046875
25002.798828125
25171.134765625
25226.048828125
25251.4453125
25267.18359375
25279.521484375
25283.228515625
25699.73828125
27235.390625
31171.45703125
37231.05859375
44112.3359375
49542.64453125
54469.3203125
58780.2421875
62807.5
69503.25
76750.21875
85433.4375
95578.1953125
105957.296875
116578.390625
128107.3515625
139093.390625
148358.59375
158453.484375
166900.9375
173612.28125
173809.921875
169302.0625
164772.796875
160475.75
156787.96875
153518.0
150200.21875
146650.296875
143125.21875
141543.078125
139032.21875
136627.125
134748.125
133303.921875
132351.671875
131595.53125
130926.03125
130327.4609375
129857.53125
129505.1953125
129363.5078125
129251.6484375
129053.9609375
128508.5
128001.9140625
127483.828125
126894.6875
126169.75
125358.5859375
124540.703125
123642.1484375
122674.46875
121794.8359375
120855.640625
119956.828125
119035.546875
118162.2421875
117289.2265625
116450.71875
115672.9609375
114903.109375
114192.5
113500.6796875
112848.078125
112319.3203125
111797.734375
111341.5703125
110948.1484375
110963.65625
110940.4609375
110919.40625
110888.3046875
110838.15625
110884.4140625
111038.4375
111207.5859375
111353.8359375
111502.53125
111623.9140625
111719.3515625
111782.6015625
111814.9140625
111802.9609375
111755.7109375
111740.1875
111725.46875
111668.359375
111576.5703125
111468.7421875
111328.6015625
111177.59375
111016.5
110866.3984375
110707.4765625
110539.7890625
110367.375
110178.515625
109988.2421875
109780.28125
