25400.0
25400.0
25275.0859375
24721.400390625
24534.58984375
24449.046875
24424.25
24420.787109375
24424.255859375
24429.380859375
24434.783203125
24439.83984375
24444.79296875
24451.015625
24457.75
24465.8515625
24475.509765625
24488.833984375
24507.708984375
24533.56640625
24571.609375
24624.05078125
24715.19921875
25508.853515625
28373.5625
34693.01171875
42390.77734375
51020.9296875
58014.29296875
64088.94921875
69293.078125
73050.8203125
76734.28125
80012.15625
82656.125
87796.2265625
94184.2265625
102469.703125
111342.3046875
121648.15625
130951.4140625
141006.8125
151238.1875
159567.90625
168296.40625
171267.390625
166933.53125
162572.65625
158155.96875
154483.28125
151639.90625
148681.984375
145615.125
142581.703125
139214.96875
137996.15625
135963.203125
134023.875
132352.453125
131233.125
130172.609375
129342.0078125
128740.46875
128286.8828125
128325.9609375
128341.8984375
128265.1328125
128090.4140625
127859.2890625
127579.65625
127409.921875
127208.1796875
126837.96875
126171.3828125
125588.328125
125003.25
124389.65625
123647.078125
122848.2109375
122115.421875
121272.140625
120418.0703125
119495.875
118636.421875
117778.328125
116928.4765625
116132.1328125
115339.2265625
114600.359375
113867.84375
113164.90625
112554.8671875
111907.4609375
111308.5078125
110719.1328125
110173.53125
109636.46875
109124.5546875
108654.59375
108197.8125
107781.5859375
107378.234375
107025.9375
106752.8046875
106505.234375
106294.875
106218.359375
106549.1015625
106863.6171875
107159.515625
107422.0390625
107657.7109375
107851.5625
108018.515625
108167.953125
108301.328125
108439.640625
108558.765625
108640.125
108698.6171875
108735.171875
108751.6953125
108750.7421875
108734.046875
108728.4453125
108744.1796875
