25400.0
25400.0
25394.720703125
24890.212890625
24622.27734375
24630.015625
24626.771484375
24626.0078125
24628.98046875
24633.044921875
24637.3203125
24641.267578125
24645.30078125
24649.314453125
24652.283203125
24655.1328125
24657.796875
24661.6015625
24665.9296875
24670.2421875
24675.578125
24681.78515625
24689.580078125
24698.97265625
24727.29296875
25448.576171875
31030.208984375
38697.296875
46371.078125
53241.671875
58873.59375
63266.84375
67693.484375
71023.125
74064.703125
78948.7890625
84992.5625
93086.828125
101763.5234375
112164.2734375
122019.0234375
132549.484375
143406.296875
152271.484375
161689.328125
170424.0625
177639.203125
183124.96875
178208.078125
172491.09375
167833.703125
163077.15625
158388.421875
153938.609375
149637.453125
147752.1875
144648.828125
141893.015625
139920.546875
138297.0
137038.734375
136568.5625
136135.90625
135641.03125
135178.5
134704.484375
134352.765625
134057.671875
133522.65625
132666.5
131869.421875
131080.671875
130147.40625
129093.3828125
128046.5703125
126919.953125
125773.2421875
124556.3046875
123387.5703125
122352.8203125
121235.96875
120191.875
119146.5
118172.640625
117209.796875
116289.4453125
115441.3046875
114605.0703125
113838.125
113096.9921875
112405.2109375
111843.7109375
111285.2890625
110793.6875
110380.6328125
110331.03125
110250.3359375
110175.9140625
110156.546875
110204.1875
110353.515625
110457.6796875
110527.8359375
110591.8359375
110658.3828125
110708.1875
110738.5390625
110745.046875
110728.3671875
110691.234375
110638.84375
110584.953125
110574.9140625
110528.1484375
110446.59375
110351.2890625
110225.5546875
110081.453125
109923.8359375
109773.3515625
109618.0
109456.6640625
109293.5390625
109110.578125
108927.4296875
108736.5625
