20000.0
20000.0
20000.0
20000.0
20000.0
20000.0
20000.0
20000.0
20000.0
20000.0
20000.0
20000.0
20000.0
20000.0
20000.0
20000.0
20000.0
20000.0
20000.0
20000.0
20000.0
20000.0
20000.0
20000.0
20000.0
20000.0
20000.0
20000.0
20000.0
20000.0
20000.0
20000.0
20000.0
20000.0
20000.0
20000.0
20000.0
20000.0
20000.0
19999.970703125
20000.0
20000.0
20000.0
20000.0
20000.0
20000.0
20000.0
20000.0
20000.0
20000.0
20000.0
20000.0
20000.0
20000.0
20000.0
19701.75
18466.48828125
17430.673828125
16544.314453125
15771.400390625
15107.6943359375
14373.6005859375
13691.068359375
13085.1650390625
12508.0419921875
11949.064453125
11437.76953125
11018.6162109375
10605.3349609375
10239.921875
9882.5693359375
9536.2763671875
9166.1005859375
8826.94140625
8525.099609375
8242.7587890625
7980.265625
7715.27685546875
7465.7197265625
7270.5126953125
7064.984375
6872.9345703125
6684.58984375
6520.89892578125
6365.9013671875
6222.20166015625
6096.2138671875
5983.10888671875
5879.67041015625
5776.8310546875
5680.9677734375
5599.58544921875
5514.306640625
5436.61572265625
5360.771484375
5292.0927734375
5225.81640625
5162.42724609375
5104.2236328125
5047.26611328125
4995.09130859375
4944.19580078125
4895.61181640625
4854.29736328125
4811.0849609375
4771.49658203125
4732.791015625
4697.2978515625
4662.5615234375
4629.65478515625
4599.39453125
4569.71923828125
4542.42431640625
4515.6025390625
4490.07373046875
4468.015625
4444.6513671875
4422.91015625
4401.1171875
4380.26611328125
4357.90966796875
4335.04541015625
4312.46337890625
4288.767578125
4265.4892578125
4231.001953125
