20000.0
20000.0
20000.0
20000.0
20000.0
20000.0
20000.0
20000.0
20000.0
20000.0
20000.0
20000.0
20000.0
20000.0
20000.0
20000.0
20000.0
20000.0
20000.0
20000.0
20000.0
20000.0
20000.0
20000.0
20000.0
20000.0
20000.0
20000.0
20000.0
20000.0
20000.0
20000.0
20000.0
20000.0
20000.0
20000.0
20000.0
20000.0
20000.0
20000.0
20000.0
20000.0
20000.0
20000.0
20000.0
20000.0
20000.0
19999.998046875
20000.0
20000.0
20000.0
20000.0
19167.8828125
17923.193359375
16929.93359375
16114.576171875
15397.6376953125
14500.201171875
13761.544921875
13108.751953125
12468.29296875
11872.6806640625
11359.0517578125
10895.1884765625
10488.2294921875
10088.5205078125
9663.2216796875
9310.798828125
8954.623046875
8642.443359375
8333.900390625
8043.84619140625
7772.31884765625
7530.587890625
7308.365234375
7091.1689453125
6899.3955078125
6720.4775390625
6555.48046875
6421.82861328125
6292.1337890625
6173.7470703125
6057.2236328125
5953.4169921875
5852.8212890625
5758.54541015625
5672.7333984375
5589.3935546875
5513.1416015625
5438.6826171875
5368.58203125
5308.72998046875
5246.47998046875
5188.46630859375
5132.38671875
5081.443359375
5032.01220703125
4986.43798828125
4945.2158203125
4904.8271484375
4867.82177734375
4831.52783203125
4796.9345703125
4766.89453125
4734.068359375
4701.5625
4667.5556640625
4634.71728515625
4600.55322265625
4558.931640625
4492.50048828125
4423.87353515625
4357.27490234375
4287.724609375
4218.1357421875
4155.87841796875
4088.134765625
4023.80029296875
3957.795166015625
3893.8046875
3827.281005859375
3760.59423828125
3696.362060546875
3630.854736328125
3568.491943359375
3505.329833984375
