20000.0
20000.0
20000.0
20000.0
20000.0
20000.0
20000.0
20000.0
20000.0
20000.0
20000.0
20000.0
20000.0
20000.0
20000.0
20000.0
20000.0
20000.0
20000.0
20000.0
20000.0
20000.0
20000.0
20000.0
19999.8515625
20000.0
20000.0
20000.0
20000.0
20000.0
20000.0
20000.0
20000.0
20000.0
20000.0
19999.888671875
20000.0
20000.0
20000.0
20000.0
20000.0
20000.0
20000.0
20000.0
20000.02734375
20000.0
20000.0
18520.89453125
17341.955078125
16348.8310546875
15520.390625
14613.333984375
13780.6796875
13028.7001953125
12326.96875
11747.353515625
11188.7431640625
10711.189453125
10245.9013671875
9815.7646484375
9387.0361328125
8940.958984375
8538.4794921875
8175.8994140625
7861.240234375
7549.45068359375
7255.31591796875
7030.0693359375
6795.18505859375
6580.396484375
6379.14404296875
6204.10009765625
6039.1474609375
5894.09228515625
5771.2646484375
5651.6953125
5542.333984375
5439.39404296875
5345.36083984375
5264.66796875
5180.384765625
5104.01025390625
5031.35107421875
4965.87353515625
4901.51513671875
4841.28466796875
4786.84619140625
4734.31787109375
4686.7001953125
4640.6240234375
4597.4912109375
4560.7998046875
4522.69287109375
4488.04833984375
4454.41748046875
4423.77197265625
4393.99755859375
4366.05322265625
4340.5888671875
4315.9794921875
4293.36474609375
4271.05615234375
4249.443359375
4229.64794921875
4206.68505859375
4183.5361328125
4158.95068359375
4134.66357421875
4094.885986328125
4035.32080078125
3978.09765625
3917.588134765625
3858.38916015625
3797.29248046875
3736.933837890625
3683.218994140625
3624.512451171875
3568.0400390625
3509.5380859375
3452.837158203125
3394.781494140625
3337.30419921875
3282.430908203125
3226.744384765625
3173.9384765625
3120.564453125
