20000.0
20000.0
20000.0
20000.0
20000.0
20000.0
20000.0
20000.0
20000.0
20000.0
20000.0
20000.0
20000.0
20000.0
20000.0
20000.0
20000.0
20000.0
20000.0
20000.0
20000.0
20000.0
20000.0
19992.458984375
20000.0
19999.998046875
20000.0
19999.99609375
20000.0
20000.0
19999.99609375
20000.0
19999.98046875
20000.0
20000.0
20000.0
20000.0
20000.0
20000.0
20000.0
20000.0
20000.0
20000.0
20000.0
19999.998046875
19858.916015625
18316.720703125
17188.478515625
16240.671875
15404.052734375
14441.658203125
13655.4189453125
12909.7275390625
12284.9599609375
11661.3271484375
11137.859375
10651.29296875
10213.8203125
9770.609375
9316.0703125
8920.677734375
8559.4619140625
8235.154296875
7910.90966796875
7617.33203125
7382.826171875
7137.89013671875
6914.3974609375
6709.462890625
6529.224609375
6359.73486328125
6215.392578125
6086.94921875
5960.62890625
5848.43017578125
5740.78173828125
5640.1240234375
5554.72314453125
5466.14453125
5385.47412109375
5307.55908203125
5237.0908203125
5168.6416015625
5104.00390625
5047.4228515625
4992.4326171875
4942.564453125
4894.36376953125
4849.21337890625
4810.75732421875
4770.7587890625
4734.673828125
4699.7294921875
4667.6494140625
4635.82177734375
4604.0166015625
4572.349609375
4538.83203125
4506.2236328125
4472.1953125
4410.5908203125
4346.123046875
4275.07568359375
4205.29736328125
4133.08984375
4063.79931640625
3993.266845703125
3924.01806640625
3857.434814453125
3788.210693359375
3720.834716796875
3651.382568359375
3582.64404296875
3521.51904296875
3455.334716796875
3392.7568359375
3329.95068359375
3270.56640625
3210.609130859375
3149.417236328125
3091.1640625
3033.278076171875
2979.394775390625
2925.785400390625
