20000.0
20000.0
20000.0
20000.0
20000.0
20000.0
20000.0
20000.0
20000.0
20000.0
20000.0
20000.0
20000.0
20000.0
20000.0
20000.0
20000.0
20000.0
20000.0
20000.0
20000.0
20000.0
20000.0
20000.0
20000.0
20000.009765625
20000.0
20000.0
20000.0
20000.0
19999.998046875
20000.0
20000.0
20000.0
20000.0
19999.998046875
20000.0
20000.0
20000.0
20000.0
20000.0
19999.998046875
20000.0
20000.0
20000.0
20000.0
20000.0
20000.0
20000.0
20000.0
20000.0
20000.0
19842.53125
18596.935546875
17501.54296875
16672.515625
15927.1650390625
15261.9384765625
14477.662109375
13812.216796875
13216.638671875
12607.9052734375
12070.4375
11575.92578125
11147.55859375
10799.4921875
10431.6220703125
10076.234375
9715.84765625
9375.5322265625
9039.7333984375
8675.009765625
8356.3388671875
8066.9736328125
7814.09765625
7567.95361328125
7328.57373046875
7121.16015625
6925.81982421875
6747.38818359375
6572.10400390625
6411.31884765625
6257.00048828125
6116.7890625
5990.66357421875
5870.32861328125
5769.14990234375
5673.0068359375
5580.58935546875
5499.8193359375
5416.369140625
5342.31982421875
5269.619140625
5202.2294921875
5136.12841796875
5073.61474609375
5016.80615234375
4961.89208984375
4911.19189453125
4861.0908203125
4813.82421875
4773.32080078125
4730.9228515625
4691.9638671875
4653.8388671875
4618.80419921875
4584.46728515625
4551.912109375
4521.9677734375
4492.5830078125
4465.53076171875
4438.955078125
4413.69482421875
4391.908203125
4368.95166015625
4347.8046875
4327.0830078125
4308.0126953125
4289.21728515625
4271.22412109375
4254.28857421875
4237.18310546875
4220.3525390625
4202.10888671875
