20000.0
20000.0
20000.0
20000.0
19999.9921875
20000.0
20000.0
20000.0
20000.0
20000.0
20000.0
20000.0
20000.0
20000.0
20000.0
20000.0
20000.0
20000.0
20000.0
20000.0
20000.0
20000.0
20000.0
20000.0
20000.0
20000.0
20000.0
20000.0
20000.0
19999.8671875
20000.0
20000.0
20000.0
19999.998046875
20000.0
19999.98828125
20000.0
20000.0
20000.0
20000.0
20000.0
20000.0
19999.826171875
20000.0
20000.0
20000.0
20000.0
20000.0
18812.64453125
17697.689453125
16572.85546875
15673.548828125
14924.22265625
14217.591796875
13402.9775390625
12797.1904296875
12178.5595703125
11608.6298828125
11063.505859375
10593.6513671875
10140.751953125
9742.998046875
9395.677734375
9059.37890625
8746.7373046875
8424.5126953125
8120.787109375
7882.31884765625
7628.763671875
7393.8896484375
7175.20751953125
6982.97900390625
6800.70166015625
6635.71484375
6498.67431640625
6364.95068359375
6243.37939453125
6126.7236328125
6018.2900390625
5926.705078125
5832.171875
5746.6259765625
5663.849609375
5588.60546875
5515.642578125
5447.16015625
5384.6943359375
5323.76904296875
5267.830078125
5213.0966796875
5161.2333984375
5116.509765625
5068.943359375
5021.70263671875
4971.349609375
4922.208984375
4871.38330078125
4795.17138671875
4708.74560546875
4620.8525390625
4536.33154296875
4449.60595703125
4364.1875
4288.48828125
4205.91943359375
4126.4248046875
4043.818115234375
3963.823974609375
3881.66357421875
3800.752685546875
3723.628173828125
3645.69677734375
3571.92724609375
3497.43701171875
3424.766845703125
3357.90771484375
3285.43408203125
3218.279296875
3152.2587890625
3090.802001953125
3029.6123046875
2970.617431640625
2915.325927734375
2859.51123046875
2806.732421875
2753.643310546875
