20000.0
20000.0
20000.0
20000.0
20000.0
20000.0
20000.0
20000.0
20000.0
20000.0
20000.0
20000.0
20000.0
20000.0
20000.0
20000.0
20000.0
20000.0
20000.0
20000.0
20000.0
20000.0
20000.0
20000.0
20000.0
20000.0
20000.0
20000.0
20000.0
20000.0
20000.0
20000.0
20000.0
20000.0
19999.998046875
20000.0
20000.0
20000.0
20000.0
19999.958984375
20000.0
20000.0
20000.0
20000.0
20000.0
20000.0
18857.65234375
17628.87109375
16514.94921875
15641.2177734375
14861.6953125
14248.1689453125
13472.12109375
12815.513671875
12287.787109375
11719.27734375
11203.138671875
10713.740234375
10298.046875
9918.462890625
9566.8681640625
9209.2119140625
8863.9912109375
8559.5693359375
8271.2724609375
7996.60986328125
7752.1162109375
7492.46923828125
7279.16748046875
7069.732421875
6875.1298828125
6687.56298828125
6519.1650390625
6368.4853515625
6226.4423828125
6106.16650390625
5993.6904296875
5886.34765625
5794.455078125
5700.57861328125
5615.31689453125
5532.8896484375
5458.25439453125
5385.794921875
5317.77392578125
5255.70654296875
5195.28076171875
5140.07861328125
5086.18603515625
5035.138671875
4991.2607421875
4945.34326171875
4903.29736328125
4862.18408203125
4824.67724609375
4788.6005859375
4753.17578125
4718.3095703125
4681.0830078125
4644.13720703125
4605.32373046875
4566.8466796875
4502.306640625
4425.3818359375
4350.47314453125
4272.3876953125
4197.01513671875
4120.18994140625
4044.787353515625
3972.839599609375
3898.750244140625
3826.8095703125
3752.4306640625
3678.57568359375
3612.711669921875
3541.05078125
3473.056396484375
3404.375732421875
3339.375244140625
3273.774658203125
3207.640869140625
3144.175048828125
3081.161865234375
3022.970458984375
2965.31591796875
