20000.0
20000.0
20000.0
20000.0
20000.0
20000.0
20000.0
20000.0
20000.0
20000.0
20000.0
20000.0
20000.0
20000.0
20000.0
20000.0
20000.0
20000.0
20000.0
20000.0
20000.0
20000.0
20000.0
20000.0
20000.0
20000.0
20000.0
20000.0
20000.0
19999.99609375
20000.0
20000.0
19999.984375
19999.99609375
20000.0
19999.998046875
19999.998046875
20000.0
20000.0
20000.0
20000.0
20000.0
20000.0
20000.0
20000.0
20000.0
20000.0
20000.0
19191.435546875
18009.361328125
16881.44921875
15905.9072265625
15104.4169921875
14427.4501953125
13797.9248046875
13058.3173828125
12510.048828125
11954.8671875
11426.9345703125
10916.9462890625
10475.03125
10080.701171875
9715.9013671875
9367.9814453125
9036.9619140625
8740.84375
8456.6845703125
8181.75244140625
7934.7880859375
7674.3447265625
7458.845703125
7246.08349609375
7047.68994140625
6857.46044921875
6685.7802734375
6532.8603515625
6385.1318359375
6261.72314453125
6146.40673828125
6035.86474609375
5942.13623046875
5845.6416015625
5758.18701171875
5673.888671875
5597.26220703125
5522.85400390625
5453.13037109375
5389.44384765625
5327.52099609375
5270.94189453125
5215.7470703125
5163.56787109375
5118.7060546875
5071.5302734375
5027.84521484375
4984.52978515625
4943.98046875
4900.92919921875
4856.5849609375
4812.77685546875
4767.20166015625
4711.626953125
4624.49658203125
4540.27197265625
4464.064453125
4379.74658203125
4299.07421875
4217.2880859375
4139.7509765625
4060.235107421875
3980.39208984375
3902.919921875
3823.282958984375
3747.328369140625
3670.223388671875
3594.731201171875
3527.944091796875
3455.746337890625
3387.351806640625
3316.766357421875
3248.0625
3179.69189453125
3114.389892578125
3053.8076171875
2993.670166015625
2937.749755859375
2881.910888671875
