20000.0
20000.0
20000.0
20000.0
19999.998046875
20000.0
20000.0
20000.0
20000.0
20000.0
20000.0
20000.0
20000.0
20000.0
20000.0
20000.0
20000.0
20000.0
20000.0
20000.0
20000.0
20000.0
20000.0
20000.0
20000.0
20000.0
19999.990234375
20000.0
20000.0
20000.0
19999.998046875
19999.998046875
20000.0
20000.0
20000.0
20000.0
20000.0
20000.0
20000.0
20000.0
20000.0
19999.998046875
20000.0
20000.0
20000.0
20000.015625
20000.0
19183.0546875
17950.51953125
16981.634765625
15983.46875
15148.7861328125
14451.2236328125
13858.18359375
13119.265625
12548.6328125
11993.4873046875
11469.029296875
10961.9892578125
10516.458984375
10098.525390625
9705.73828125
9368.341796875
9052.62109375
8766.0458984375
8483.2939453125
8200.7705078125
7949.419921875
7701.22216796875
7482.08642578125
7262.54931640625
7061.35107421875
6874.53955078125
6703.8212890625
6550.6201171875
6406.41552734375
6285.4228515625
6167.97900390625
6056.29248046875
5962.46728515625
5865.04052734375
5777.17724609375
5692.2978515625
5615.37353515625
5540.482421875
5470.2099609375
5406.23974609375
5343.9150390625
5287.1005859375
5231.6123046875
5179.14111328125
5134.0322265625
5086.5908203125
5042.6884765625
4998.78857421875
4956.53955078125
4911.22802734375
4864.728515625
4819.17919921875
4770.23388671875
4686.365234375
4599.91015625
4513.51611328125
4435.896484375
4350.83935546875
4270.03857421875
4188.30615234375
4109.97802734375
4028.88232421875
3947.423828125
3868.794677734375
3788.573974609375
3712.189208984375
3634.8203125
3559.151123046875
3492.205078125
3419.83837890625
3350.56005859375
3277.910888671875
3210.009033203125
3142.929443359375
3078.712646484375
3019.259521484375
2960.084228515625
2904.658203125
2848.94873046875
