20000.0
20000.0
20000.0
20000.0
20000.0
20000.0
20000.0
20000.0
20000.0
20000.0
20000.0
20000.0
20000.0
20000.0
20000.0
20000.0
20000.0
20000.0
20000.0
20000.0
20000.0
20000.0
20000.0
20000.0
20000.0
20000.0
20000.0
20000.0
19999.88671875
19999.994140625
20000.0
20000.0
20000.0
20000.0
19999.990234375
20000.0
19999.9765625
20000.0
20000.0
20000.0
20000.0
20000.0
20000.0
20000.0
20000.0
20000.0
20000.0
20000.0
19877.583984375
18582.783203125
17523.009765625
16451.13671875
15620.205078125
14877.794921875
14151.626953125
13461.744140625
12835.51953125
12262.2890625
11697.6904296875
11193.1484375
10689.9228515625
10275.416015625
9925.8271484375
9590.2529296875
9283.7109375
8964.251953125
8652.412109375
8406.7431640625
8150.47119140625
7911.65869140625
7682.900390625
7483.00341796875
7293.044921875
7117.85986328125
6969.71240234375
6829.6083984375
6701.95361328125
6579.78369140625
6465.44873046875
6368.24462890625
6267.82373046875
6176.69873046875
6088.85888671875
6008.56396484375
5930.48583984375
5856.73876953125
5788.7275390625
5721.4345703125
5655.05908203125
5585.3251953125
5514.81591796875
5447.05712890625
5321.8134765625
5203.77880859375
5081.4833984375
4964.87890625
4853.4150390625
4746.4951171875
4646.97998046875
4545.7509765625
4447.62353515625
4346.27197265625
4245.97216796875
4156.94189453125
4060.548095703125
3969.53564453125
3877.878173828125
3791.4501953125
3702.966064453125
3614.30078125
3531.46875
3449.639404296875
3373.590087890625
3297.958740234375
3225.073974609375
3161.237060546875
3092.366943359375
3027.5390625
2962.708984375
2902.203369140625
2841.912109375
2783.703369140625
2729.239990234375
2674.908447265625
2624.364990234375
2574.355712890625
