25400.0
25400.0
24588.39453125
24637.83984375
23725.00390625
23209.54296875
23185.5234375
23292.958984375
23559.642578125
24043.35546875
24686.98828125
24916.02734375
24986.080078125
25020.103515625
25046.24609375
25071.1640625
25112.41015625
25146.76953125
25173.669921875
25195.283203125
25213.669921875
25224.2109375
25233.87109375
25242.78125
25250.59765625
25255.802734375
25292.3046875
25717.580078125
27001.943359375
30086.41796875
35639.15234375
41358.109375
47302.3984375
52144.8203125
56284.0390625
59926.6875
63332.74609375
66110.5859375
68647.28125
73668.140625
78472.3828125
84601.8125
91752.9609375
99910.015625
108806.890625
116602.8515625
125300.6328125
134674.484375
136659.671875
137123.015625
137432.875
137394.296875
136885.640625
136031.40625
134930.828125
134059.1875
133174.28125
132187.46875
131085.40625
130321.1640625
129567.40625
128708.703125
127882.0234375
127127.53125
126437.3828125
125790.546875
125051.1015625
124336.7578125
123610.1484375
122844.15625
122588.7890625
122376.296875
122234.609375
122138.890625
122074.265625
122030.71875
122001.4296875
121941.5625
121796.1484375
121422.9921875
120943.5625
120345.3359375
120049.21875
119436.328125
118635.7890625
117815.703125
117398.59375
116798.140625
116277.15625
115890.265625
115551.875
115263.8828125
114887.3046875
114470.7890625
114097.4921875
113825.78125
113592.1875
113407.1328125
113328.90625
113291.828125
113276.8125
113269.8515625
113263.6328125
113199.609375
113066.671875
112991.21875
112955.84375
112939.546875
112912.4453125
112858.484375
112771.3046875
112621.9140625
112458.78125
112283.0078125
112106.296875
111907.5625
111696.296875
111455.453125
111177.6640625
110917.53125
110652.4921875
110381.265625
110123.3125
109836.171875
109558.75
109271.6640625
108996.6484375
108721.703125
108459.21875
108221.8046875
108015.09375
107842.078125
107684.7421875
