25400.0
25390.1640625
24533.654296875
23995.927734375
23469.166015625
23163.267578125
23122.162109375
23193.421875
23422.615234375
23956.1875
24647.90234375
24899.82421875
24975.21875
25011.421875
25042.4453125
25095.521484375
25122.234375
25142.958984375
25158.375
25177.703125
25194.041015625
25206.345703125
25212.767578125
25573.716796875
26810.63671875
30767.369140625
37380.59375
44329.33203125
50991.1875
56541.50390625
60804.07421875
65223.89453125
68495.171875
72188.2265625
77792.3828125
84014.4375
92148.078125
101126.234375
111825.21875
121212.515625
131546.53125
137054.0625
137432.609375
137534.40625
137413.25
136682.953125
135497.78125
134061.46875
132808.34375
131659.921875
130581.9375
129845.390625
128881.6484375
127857.375
126934.1953125
126088.5234375
125363.359375
124553.3125
123715.4765625
122751.171875
122089.4765625
121765.671875
120895.2265625
119834.6640625
118678.578125
117762.40625
116971.8125
116412.1015625
115995.4765625
115642.3203125
115279.2421875
114845.6796875
114441.2109375
114110.890625
113831.296875
113612.34375
113494.078125
113483.703125
113505.2890625
113529.65625
113539.6328125
113441.2734375
113318.5234375
113247.25
113201.3828125
113145.5546875
113057.2421875
112888.953125
112673.8125
112444.6796875
112221.046875
111948.046875
111672.828125
111322.7421875
110990.734375
110656.7265625
110321.6875
109980.6015625
109616.75
109263.3828125
108905.5546875
108557.28125
108256.6328125
107940.375
107651.75
107390.4453125
107177.2890625
106988.625
106823.984375
106711.546875
106953.875
107146.484375
107339.2890625
107627.359375
108005.3984375
108364.1015625
108664.953125
108939.7734375
109192.46875
109436.671875
109657.5625
109842.78125
110009.9921875
110146.4921875
110260.84375
