25400.0
25396.6875
24770.2890625
24697.484375
24047.392578125
23465.111328125
23195.056640625
23162.43359375
23227.376953125
23430.775390625
23928.01171875
24626.966796875
24926.296875
25014.06640625
25051.7109375
25089.234375
25134.90625
25158.857421875
25166.34375
25179.158203125
25197.4921875
25214.91015625
25227.150390625
25408.986328125
26325.111328125
29704.775390625
36126.296875
43512.21875
50757.14453125
57009.31640625
62178.11328125
66364.03125
70099.5546875
73131.09375
75974.5078125
81313.0625
87026.9453125
94783.3671875
103050.6015625
113523.5859375
122619.0
132492.515625
137859.546875
138039.375
138009.4375
137681.484375
136947.765625
135801.046875
134295.796875
132782.5625
131628.40625
130569.8125
129831.9140625
128889.3984375
127880.1875
126976.125
126021.5546875
125273.6640625
124511.921875
123718.015625
122699.421875
121517.921875
120872.8203125
120460.5625
119652.1484375
118599.3515625
117753.0546875
116957.3515625
116322.2734375
115974.3046875
115694.0078125
115339.03125
114930.390625
114568.265625
114241.1953125
113957.875
113741.1953125
113587.9453125
113571.7265625
113604.8984375
113642.7890625
113662.34375
113606.53125
113455.78125
113361.734375
113301.8125
113239.15625
113143.1484375
112985.4921875
112766.0234375
112529.4921875
112304.625
112027.9453125
111747.6328125
111403.15625
111064.6015625
110720.4765625
110381.515625
110029.3125
109657.0234375
109299.0078125
108936.1171875
108582.9609375
108277.3359375
107956.9765625
107663.5625
107394.9453125
107176.34375
106982.25
106812.8125
106667.796875
106897.484375
107085.5625
107282.046875
107570.3203125
107953.1484375
108311.25
108612.171875
108883.859375
109132.75
109373.5703125
109588.5546875
109773.4609375
109940.3359375
110077.0234375
110191.484375
