25400.0
25400.0
24866.65625
24704.150390625
24197.705078125
23516.908203125
23132.712890625
23147.8046875
23295.806640625
23671.91015625
24282.931640625
24755.68359375
24901.662109375
24951.39453125
24982.365234375
25008.568359375
25060.11328125
25095.603515625
25120.61328125
25143.138671875
25154.41796875
25167.822265625
25178.625
25187.65234375
25193.61328125
25252.6015625
25737.751953125
27220.81640625
31352.931640625
37240.15625
43116.55859375
48980.453125
53795.8671875
57849.671875
61848.30078125
65319.86328125
69328.7734375
74590.8046875
80370.6171875
87587.2890625
95916.015625
105949.1484375
114079.8046875
123470.0078125
133161.140625
136368.15625
136875.859375
137158.34375
137054.296875
136455.84375
135375.03125
134183.484375
133203.484375
132205.0625
131221.46875
130381.1328125
129634.125
128727.4453125
127808.2734375
126975.4921875
126252.4296875
125539.0625
124752.4296875
123981.7109375
123186.6015625
122888.4140625
122450.6015625
121684.2265625
120717.609375
119637.46875
118610.6953125
117721.390625
117080.7421875
116447.6875
116043.8125
115665.25
115357.78125
114994.5234375
114605.734375
114223.6171875
113929.9921875
113680.078125
113476.84375
113402.71875
113382.6953125
113384.984375
113391.828125
113393.296875
113306.234375
113187.5625
113127.234375
113093.7734375
113067.5703125
113019.1484375
112935.984375
112774.1171875
112585.4921875
112393.2734375
112177.6875
111950.4453125
111703.3515625
111403.7890625
111123.9453125
110822.71875
110536.828125
110229.8125
109924.640625
109607.9375
109282.796875
108971.71875
108658.5390625
108369.4609375
108085.7109375
107816.5859375
107605.5703125
107407.4296875
107240.640625
107089.3515625
106958.7109375
107154.234375
107358.1796875
107537.3359375
107704.671875
107938.15625
108264.9609375
