25400.0
25400.0
24829.94140625
24726.4375
24173.740234375
23442.673828125
22968.802734375
22829.453125
22833.4296875
22891.869140625
23162.751953125
23717.71484375
24369.974609375
24597.69140625
24670.859375
24711.96484375
24750.447265625
24806.68359375
24883.23828125
24975.228515625
25034.345703125
25083.041015625
25121.701171875
25153.59765625
25178.806640625
25198.7890625
25211.91796875
25230.771484375
25320.11328125
25657.220703125
26810.560546875
30075.9765625
34812.23828125
40520.39453125
46053.00390625
50966.69140625
54943.3671875
58952.0
63109.22265625
67921.4375
73748.3984375
80558.15625
88446.65625
98426.3515625
106770.3125
116128.59375
125905.0078125
132855.46875
133728.4375
134579.671875
134913.515625
134661.234375
133857.875
133116.265625
132483.078125
131610.171875
130698.6328125
129577.34375
128695.0546875
127949.3671875
127274.4921875
126557.2421875
125798.0625
125049.0
124307.3671875
123596.8125
122858.5234375
122093.3359375
121419.453125
121193.3359375
120623.5078125
119953.953125
119172.328125
118250.0546875
117492.625
116837.0703125
116127.5
115724.7421875
115306.0546875
114944.1328125
114574.8203125
114129.5078125
113767.8671875
113485.1015625
113343.109375
113225.21875
113135.515625
113078.9765625
113037.0703125
112920.1875
112789.53125
112731.9609375
112716.0
112708.75
112678.6640625
112611.7890625
112476.90625
112312.3046875
112146.2578125
111974.8984375
111777.9765625
111571.390625
111299.2265625
111018.84375
110766.375
110483.2265625
110190.0625
109883.2890625
109588.6796875
109295.3046875
109014.7578125
108752.109375
108516.28125
108324.1328125
108153.3828125
108004.453125
107955.5390625
108218.1875
108416.4921875
108608.9765625
108773.6796875
108913.03125
109021.7265625
109185.578125
109439.296875
109735.828125
110012.328125
