25400.0
25210.3984375
24558.44140625
24127.494140625
23089.017578125
22524.333984375
22413.66796875
23129.96875
24231.45703125
24574.697265625
24684.30078125
24757.470703125
24830.3125
24897.865234375
24962.404296875
25017.7578125
25065.87109375
25106.599609375
25137.21875
25164.771484375
25187.154296875
25215.3203125
25234.9609375
25246.970703125
25254.373046875
25277.515625
25424.0625
25964.34375
28082.15625
32223.232421875
36779.58203125
42565.97265625
47405.1484375
51769.81640625
57029.34375
63340.125
70818.375
78530.9921875
88702.40625
98063.46875
108121.578125
114054.015625
116535.859375
118701.828125
120395.6015625
121445.484375
121830.0234375
122231.4296875
122516.5234375
122453.4921875
122154.828125
121682.078125
121198.046875
120560.5
120404.9609375
120111.96875
119769.3984375
119366.5390625
118948.5625
118469.1015625
117972.0625
117481.5625
116977.2890625
116552.6953125
116288.0390625
115917.1328125
115531.7734375
115060.03125
114947.8515625
114617.921875
114131.3203125
113584.5703125
113153.6640625
112638.7421875
112214.6171875
111988.140625
111775.125
111580.6953125
111322.8046875
110952.578125
110715.609375
110472.4296875
110353.03125
110290.984375
110260.5859375
110227.828125
110184.1015625
110085.109375
109978.6875
109890.609375
109809.6953125
109691.8203125
109551.265625
109323.90625
109102.0
108884.7109375
108669.65625
108465.2734375
108316.59375
108204.4921875
108114.9921875
108168.3359375
108530.2734375
108824.1171875
109096.0078125
109347.265625
109549.671875
109718.125
109848.421875
109953.5625
110034.1875
110168.734375
110439.375
110749.125
110988.859375
111217.34375
111403.6875
111563.1796875
111693.6875
111871.796875
112026.671875
112135.4453125
112211.6953125
112258.7109375
112283.390625
