25400.0
25142.0
24565.146484375
23977.80859375
22957.142578125
22420.439453125
22436.087890625
23747.818359375
24483.6953125
24669.61328125
24736.80859375
24797.146484375
24858.8359375
24920.7578125
24972.369140625
25020.779296875
25065.595703125
25104.6171875
25133.814453125
25161.208984375
25181.697265625
25199.353515625
25223.728515625
25238.0703125
25255.72265625
25356.474609375
25787.390625
27715.205078125
31673.88671875
36812.9921875
42440.34375
47955.09375
52741.51171875
59157.45703125
66215.2578125
74529.0859375
83518.1640625
94165.34375
99459.5078125
102736.109375
106039.9296875
108744.328125
110734.03125
112459.1015625
113959.2578125
114974.4921875
115579.8203125
115781.1640625
115893.7578125
116255.2578125
116396.6953125
116354.5859375
116617.046875
116836.875
116880.1171875
116889.140625
116899.3984375
116800.5703125
116592.984375
116307.671875
115998.875
115681.0234375
115339.546875
114998.4609375
114645.6953125
114280.5703125
113956.3203125
113594.9296875
113228.65625
113007.4453125
112708.5703125
112361.4375
112006.7421875
111678.84375
111386.015625
111304.984375
111015.5234375
110626.9296875
110353.9921875
110008.625
109632.3359375
109506.3046875
109454.4375
109349.1015625
109188.09375
109047.6640625
108730.9453125
108434.53125
108194.109375
107974.4140625
107823.28125
107735.234375
107686.921875
107671.421875
107679.421875
107705.3046875
107707.109375
107653.984375
107582.046875
107508.21875
107428.28125
107338.0859375
107251.9609375
107147.234375
106996.5859375
106841.171875
106698.7109375
106550.8046875
106384.6953125
106216.5
106040.40625
105870.4609375
105701.390625
105539.984375
105401.7109375
105260.8984375
105161.5546875
105084.6171875
105026.5390625
104979.25
105050.5234375
105358.125
105627.21875
105983.421875
106483.21875
