25400.0
25236.08203125
24559.4375
24076.080078125
23129.671875
22568.560546875
22438.14453125
23011.150390625
24070.544921875
24518.13671875
24659.55859375
24741.7109375
24819.248046875
24889.220703125
24956.177734375
25012.892578125
25062.26953125
25103.78515625
25135.091796875
25163.2890625
25187.13671875
25218.716796875
25236.4375
25247.771484375
25255.3984375
25268.5078125
25355.884765625
25691.515625
27202.01171875
30690.10546875
34945.64453125
40465.59765625
45473.73046875
49904.4296875
54401.08203125
59931.0546875
66755.796875
73742.0625
82698.4609375
92108.3671875
101690.140625
112291.5625
118711.0
120911.2109375
122794.5078125
123968.671875
124417.5703125
124979.375
125154.515625
124943.4140625
124479.2578125
123987.4609375
123288.40625
122465.0703125
121759.7890625
121409.84375
120979.921875
120460.921875
119922.203125
119367.375
118816.8671875
118288.9140625
117909.953125
117542.6484375
117102.828125
116586.828125
116335.75
116094.0859375
115579.6875
114922.375
114407.5859375
113892.390625
113278.171875
113032.6640625
112797.75
112608.1875
112343.7734375
112031.9375
111721.828125
111484.640625
111369.953125
111316.546875
111269.6015625
111207.921875
111095.2578125
110991.3125
110892.15625
110774.8359375
110606.15625
110379.9765625
110158.40625
109932.46875
109748.5390625
109607.1640625
109501.890625
109417.671875
109821.390625
110157.1953125
110438.9921875
110695.078125
110917.5859375
111095.0625
111219.6328125
111330.1875
111395.09375
111444.46875
111475.5078125
111506.7109375
111654.7890625
111927.140625
112146.4921875
112321.6953125
112498.09375
112711.3359375
112862.09375
112982.5078125
113063.7734375
113118.1875
113147.3828125
113157.046875
113153.65625
113155.640625
113144.171875
113120.3203125
113079.546875
