25400.0
25265.580078125
24543.798828125
24155.359375
23168.7265625
22626.638671875
22902.197265625
23761.720703125
24421.23046875
24619.30859375
24708.2421875
24786.107421875
24858.3671875
24929.869140625
24993.630859375
25048.90625
25095.322265625
25129.39453125
25159.630859375
25194.818359375
25220.248046875
25235.93359375
25247.513671875
25255.34375
25271.474609375
25372.568359375
25739.42578125
27277.189453125
30902.134765625
35243.9765625
41071.453125
46191.73828125
50861.2265625
56596.5
63415.16796875
71189.734375
79468.1328125
89962.1484375
99395.578125
109926.6328125
118810.6328125
120913.7109375
122970.25
124385.890625
125077.515625
125191.8984375
125530.0
125465.609375
125110.5234375
124539.609375
123868.4921875
123091.4921875
122601.734375
122281.1796875
121805.5
121324.671875
120814.7578125
120292.2265625
119713.8671875
119113.6484375
118525.1484375
117917.6484375
117531.90625
117367.421875
117281.828125
116857.21875
116148.3359375
115455.8515625
114817.5078125
114174.875
113572.7265625
113215.4609375
112863.40625
112634.203125
112354.609375
111984.8125
111697.2734375
111536.40625
111438.15625
111229.765625
111125.5859375
111101.09375
111106.2265625
111096.078125
111057.3203125
110956.8515625
110851.9453125
110748.625
110628.9296875
110501.2578125
110322.3203125
110081.6484375
109830.1484375
109580.875
109317.8359375
109062.96875
108832.59375
108652.75
108515.625
108400.953125
108476.078125
108800.359375
109082.234375
109337.8671875
109567.078125
109731.7578125
109862.8203125
109958.5234375
110036.953125
110171.1953125
110427.3984375
110756.5859375
111034.703125
111252.2421875
111456.2265625
111620.34375
111760.4921875
111883.203125
112058.3828125
112187.5
112271.7421875
112325.015625
112350.75
112350.671875
