25400.0
25162.822265625
24650.36328125
24381.5625
23552.576171875
22913.64453125
22413.69921875
22385.005859375
23483.80859375
24396.15234375
24643.208984375
24723.58984375
24786.072265625
24849.251953125
24910.923828125
24971.525390625
25023.322265625
25069.193359375
25108.603515625
25138.173828125
25165.259765625
25187.060546875
25204.6953125
25228.59765625
25244.689453125
25252.76171875
25286.900390625
25479.95703125
26261.28125
28757.9453125
33228.34765625
37924.8515625
43482.54296875
48252.3125
52369.00390625
56832.75
62309.16015625
68933.4375
76010.8359375
84983.7421875
94458.84375
103958.6484375
109880.640625
112710.1171875
115107.6484375
117100.328125
118493.21875
119235.53125
119749.0
120325.375
120505.65625
120405.3828125
120117.1953125
119800.15625
119345.7734375
118848.5625
118677.0078125
118477.5390625
118190.40625
117836.234375
117415.359375
116987.7109375
116574.328125
116150.5625
115805.96875
115608.421875
115296.953125
114966.4140625
114530.4296875
114096.4296875
113652.03125
113219.7109375
113143.5390625
112853.609375
112396.4140625
112099.4375
111786.1875
111378.4140625
111253.9921875
111203.40625
111012.3203125
110763.7265625
110398.09375
110063.109375
109893.1953125
109835.859375
109808.9921875
109756.21875
109651.8359375
109544.6328125
109445.2578125
109348.234375
109207.6953125
109039.46875
108828.046875
108639.4765625
108471.5859375
108356.5859375
108275.953125
108217.03125
108408.5390625
108822.6015625
109112.796875
109372.4140625
109633.5234375
109844.3203125
110020.984375
110156.53125
110270.40625
110358.84375
110429.125
110500.15625
110668.125
110974.2421875
111220.6171875
111411.109375
111589.6015625
111745.59375
111955.1484375
112118.609375
112243.7578125
112334.765625
112396.9609375
112438.2109375
112459.40625
112464.296875
