20000.0
20000.0
20000.0
20000.0
20000.0
20000.0
20000.0
20000.0
20000.0
20000.0
20000.0
20000.0
20000.0
20000.0
20000.0
20000.0
20000.0
20000.0
20000.0
20000.0
20000.0
20000.0
20000.0
20000.0
20000.0
20000.0
20000.0
20000.0
20000.0
20000.0
20000.0
20000.0
20000.0
20000.0
20000.0
20000.0
20000.0
20000.0
20000.0
19999.9609375
20000.0
19998.220703125
20000.0
20000.0
20000.0
20000.0
20000.0
19999.998046875
20000.0
20000.0
20000.0
20000.0
20000.0
20000.0
19140.865234375
18095.236328125
17014.01953125
16233.8994140625
15519.8486328125
14887.4794921875
14325.6796875
13651.36328125
13062.35546875
12540.0400390625
12051.8955078125
11565.7998046875
11113.7412109375
10741.4267578125
10370.4482421875
10038.3642578125
9714.4931640625
9416.537109375
9116.2333984375
8819.6083984375
8513.908203125
8223.48828125
7965.69873046875
7726.80029296875
7502.12353515625
7302.3388671875
7086.55224609375
6894.8876953125
6720.17138671875
6558.81591796875
6398.0595703125
6244.9921875
6110.35009765625
5982.87841796875
5867.3837890625
5756.181640625
5659.3779296875
5579.154296875
5494.13671875
5414.44677734375
5336.62353515625
5266.8818359375
5200.37353515625
5136.7021484375
5078.04638671875
5020.4775390625
4967.41796875
4915.86376953125
4866.798828125
4824.38671875
4779.66650390625
4738.44189453125
4697.97998046875
4660.66455078125
4623.97607421875
4588.76953125
4555.86279296875
4523.662109375
4493.99560546875
4464.8408203125
4437.1005859375
4413.15625
4387.9150390625
4364.5986328125
4341.63916015625
4320.416015625
4299.4990234375
4279.49267578125
4260.8974609375
4242.3701171875
4224.896484375
4207.2119140625
