20000.0
20000.0
20000.0
19999.998046875
20000.0
20000.0
20000.0
20000.0
20000.0
20000.0
20000.0
20000.0
20000.0
20000.0
20000.0
20000.0
20000.0
20000.0
20000.0
20000.0
20000.0
20000.0
20000.0
20000.0
20000.0
20000.0
20000.0
20000.0
20000.0
20000.0
20000.0
20000.0
20000.0
20000.0
20000.0
20000.0
19999.99609375
20000.0
20000.0
20000.0
20000.0
19999.98046875
20000.0
20000.0
20000.0
20000.0
20000.0
19999.99609375
20000.0
20000.0
20000.0
20000.0
20000.0
19622.626953125
18580.626953125
17407.240234375
16550.630859375
15822.08984375
15186.0546875
14597.060546875
14027.7734375
13385.03515625
12845.4013671875
12379.0322265625
11901.0283203125
11446.5068359375
11067.2119140625
10676.1845703125
10333.2412109375
10007.5771484375
9715.1298828125
9426.181640625
9146.2216796875
8861.1552734375
8573.720703125
8319.330078125
8077.14013671875
7853.87890625
7660.865234375
7448.66064453125
7249.21142578125
7064.8037109375
6902.66455078125
6741.93798828125
6587.19921875
6446.01171875
6310.89404296875
6191.34912109375
6076.0517578125
5967.38427734375
5880.57080078125
5793.21533203125
5712.17041015625
5630.94873046875
5556.35302734375
5484.22021484375
5415.861328125
5353.1162109375
5291.6083984375
5235.1513671875
5179.84521484375
5127.29736328125
5081.939453125
5034.0615234375
4989.751953125
4946.779296875
4907.52392578125
4868.603515625
4831.44970703125
4797.11962890625
4763.2822265625
4732.01123046875
4701.1875
4671.72900390625
4645.7666015625
4618.76904296875
4593.763671875
4568.9912109375
4545.7294921875
4522.22998046875
4498.21533203125
4474.1220703125
4448.41796875
4422.96533203125
4396.17431640625
