20000.0
20000.0
20000.0
20000.0
20000.0
20000.0
20000.0
20000.0
20000.0
20000.0
20000.0
20000.0
20000.0
20000.0
20000.0
20000.0
20000.0
20000.0
20000.0
20000.0
20000.0
20000.0
20000.0
20000.0
20000.0
20000.0
20000.0
20000.0
19999.9296875
20000.0
20000.0
20000.0
20000.0
20000.0
20000.0
19999.998046875
20000.0
20000.0
20000.0
20000.0
20000.0
20000.0
20000.0
20000.0
20000.0
20000.0
20000.0
20000.0
20000.0
20000.0
20000.0
20000.0
20000.0
19999.998046875
19478.21484375
18459.322265625
17387.02734375
16519.279296875
15769.4140625
15118.19140625
14503.8984375
13920.8896484375
13278.9609375
12734.4521484375
12255.14453125
11765.6572265625
11304.75
10922.439453125
10526.87109375
10181.2958984375
9854.1103515625
9557.9384765625
9262.046875
8963.4716796875
8664.57421875
8379.8154296875
8126.5224609375
7887.0771484375
7661.712890625
7459.951171875
7241.6298828125
7048.56689453125
6871.6884765625
6707.9833984375
6543.92041015625
6388.99072265625
6251.19287109375
6121.56103515625
6004.68798828125
5890.86865234375
5792.45703125
5710.75927734375
5623.2646484375
5541.9638671875
5462.86181640625
5391.052734375
5320.72021484375
5254.1201171875
5193.0908203125
5133.98046875
5080.84521484375
5028.21142578125
4977.962890625
4934.37890625
4888.21484375
4845.59814453125
4804.119140625
4766.1630859375
4728.9228515625
4693.51025390625
4660.84326171875
4628.38427734375
4598.01513671875
4568.24072265625
4539.89111328125
4515.40185546875
4489.533203125
4465.6298828125
4442.05322265625
4420.12158203125
4398.38330078125
4377.28466796875
4357.32958984375
4336.22607421875
4315.0556640625
4292.37890625
