20000.0
20000.0
20000.0
20000.0
20000.0
20000.0
20000.0
20000.0
20000.0
20000.0
20000.0
20000.0
20000.0
20000.0
20000.0
20000.0
20000.0
20000.0
20000.0
20000.0
20000.0
20000.0
20000.0
19999.84375
20000.0
20000.0
20000.0
20000.0
19999.998046875
20000.0
20000.0
20000.0
20000.0
20000.0
20000.0
19999.994140625
20000.0
20000.0
20000.0
19999.998046875
20000.0
20000.0
20000.0
20000.0
19999.998046875
19259.201171875
18007.861328125
16794.052734375
15867.1357421875
15079.392578125
14375.9072265625
13632.2958984375
12936.6396484375
12326.990234375
11785.2763671875
11228.58984375
10743.1962890625
10293.947265625
9903.0322265625
9530.84765625
9174.7587890625
8813.9189453125
8455.431640625
8143.421875
7851.94140625
7577.86083984375
7335.9853515625
7082.61865234375
6873.70361328125
6668.71923828125
6478.27734375
6297.0546875
6134.6640625
5991.5107421875
5854.92724609375
5742.4326171875
5634.953125
5532.3046875
5445.1640625
5355.802734375
5274.576171875
5196.33544921875
5127.59765625
5060.14501953125
4996.54833984375
4938.23779296875
4881.20849609375
4829.7841796875
4779.87939453125
4732.89111328125
4692.68701171875
4650.74609375
4612.0673828125
4573.90283203125
4539.14892578125
4505.2900390625
4473.35107421875
4444.10595703125
4415.5517578125
4389.33349609375
4363.50634765625
4338.6748046875
4316.85498046875
4291.90869140625
4266.7841796875
4239.927734375
4213.27685546875
4185.1376953125
4133.8662109375
4072.512939453125
4008.58056640625
3945.93359375
3881.00537109375
3816.63232421875
3759.350830078125
3696.910400390625
3636.88232421875
3574.54638671875
3513.891845703125
3451.268310546875
3389.296142578125
3330.269287109375
3270.4599609375
3214.067626953125
3157.2421875
