20000.0
20000.0
20000.0
20000.0
20000.0
20000.0
20000.0
20000.0
20000.0
20000.0
20000.0
20000.0
20000.0
20000.0
20000.0
20000.0
20000.0
20000.0
20000.0
20000.0
20000.0
20000.0
20000.0
20000.0
20000.0
20000.0
20000.0
20000.0
20000.0
20000.0
20000.0
20000.0
19999.99609375
19999.998046875
19999.998046875
19999.79296875
20000.0
20000.0
20000.0
20000.0
20000.0
20000.0
20000.0
20000.0
20000.0
19999.998046875
19443.830078125
18123.650390625
16903.033203125
15965.02734375
15169.921875
14456.5595703125
13675.9423828125
12978.0771484375
12355.1123046875
11807.8857421875
11246.884765625
10758.689453125
10311.923828125
9919.337890625
9541.828125
9179.03125
8806.4384765625
8446.15625
8131.076171875
7839.05615234375
7560.72998046875
7316.5439453125
7067.9912109375
6857.9169921875
6651.33935546875
6461.57568359375
6282.25927734375
6122.04296875
5979.40869140625
5845.9248046875
5735.296875
5627.46826171875
5524.76708984375
5438.54052734375
5349.97705078125
5269.1259765625
5191.8544921875
5123.2158203125
5055.95751953125
4992.4111328125
4934.083984375
4877.421875
4826.34814453125
4776.85400390625
4730.27587890625
4690.4658203125
4648.2734375
4609.59716796875
4572.0498046875
4537.73583984375
4504.32861328125
4472.81201171875
4443.98095703125
4415.82421875
4389.8466796875
4364.26806640625
4339.5556640625
4317.6767578125
4292.03515625
4266.294921875
4238.93994140625
4211.88818359375
4180.1923828125
4117.318359375
4055.85400390625
3991.263916015625
3928.23046875
3863.384033203125
3799.20654296875
3742.158203125
3679.736572265625
3619.524169921875
3556.919921875
3496.126953125
3433.616943359375
3371.908935546875
3313.294189453125
3254.03466796875
3198.2724609375
3141.87255859375
