20000.0
20000.0
20000.0
20000.0
20000.0
20000.0
20000.0
20000.0
20000.0
20000.0
20000.0
20000.0
20000.0
20000.0
20000.0
20000.0
20000.0
20000.0
20000.0
20000.0
20000.0
20000.0
20000.0
20000.0
20000.0
20000.0
20000.0
20000.0
20000.0
20000.0
20000.0
20000.0
20000.0
20000.0
20000.0
20000.0
20000.0
20000.0
20000.0
20000.0
19999.998046875
20000.0
20000.0
20000.0
20000.0
20000.0
20000.0
19931.76171875
18626.67578125
17515.84765625
16657.38671875
15733.6279296875
14973.7080078125
14288.34375
13731.5244140625
13081.4541015625
12502.8779296875
12011.8447265625
11507.7216796875
11048.19921875
10604.0419921875
10176.39453125
9828.8740234375
9518.1337890625
9239.751953125
8966.1513671875
8693.607421875
8449.0537109375
8191.56884765625
7972.759765625
7754.69384765625
7550.01171875
7354.580078125
7176.9775390625
7017.8701171875
6865.08984375
6733.4775390625
6610.40185546875
6492.83447265625
6394.18115234375
6292.0927734375
6199.0869140625
6108.58447265625
6026.3544921875
5946.2705078125
5871.24853515625
5802.50927734375
5735.49462890625
5673.6396484375
5612.48876953125
5553.06640625
5497.40576171875
5434.09326171875
5372.18603515625
5296.55615234375
5181.93212890625
5066.15869140625
4950.36279296875
4842.4150390625
4738.59326171875
4641.9453125
4545.04443359375
4448.576171875
4360.68359375
4262.65966796875
4168.859375
4073.702880859375
3983.576171875
3892.705810546875
3804.060546875
3720.395751953125
3633.8427734375
3550.52783203125
3467.76220703125
3388.45556640625
3319.430419921875
3245.763916015625
3176.881103515625
3107.88330078125
3042.423828125
2976.612060546875
2912.880859375
2853.253173828125
2794.0537109375
2738.748779296875
2683.448974609375
