20000.0
20000.0
20000.0
20000.0
20000.0
20000.0
20000.0
20000.0
20000.0
20000.0
20000.0
20000.0
20000.0
20000.0
20000.0
20000.0
20000.0
20000.0
20000.0
20000.0
20000.0
20000.0
20000.0
20000.0
20000.0
20000.0
20000.0
20000.0
20000.0
20000.0
20000.0
19999.998046875
20000.0
20000.0
20000.0
20000.0
19999.9609375
20000.0
20000.0
20000.0
20000.0
19999.998046875
20000.0
20000.0
19999.962890625
20000.0
20000.0
20000.0
19234.42578125
18065.4375
17059.232421875
16221.333984375
15509.6875
14790.2265625
14108.1259765625
13543.076171875
13119.9697265625
12492.12109375
12013.9775390625
11573.25390625
11160.205078125
10747.9775390625
10336.9228515625
9980.1650390625
9653.009765625
9381.8515625
9126.8271484375
8883.9580078125
8665.0078125
8422.1318359375
8194.55078125
7989.45263671875
7798.5361328125
7603.169921875
7417.56884765625
7254.24658203125
7098.36474609375
6957.05615234375
6821.150390625
6702.005859375
6601.13720703125
6493.83984375
6396.26318359375
6301.69482421875
6215.58056640625
6132.42919921875
6053.79931640625
5981.58056640625
5910.6728515625
5845.19189453125
5780.634765625
5718.1572265625
5659.98193359375
5593.45751953125
5528.0283203125
5455.09619140625
5333.21142578125
5210.50830078125
5087.779296875
4971.06201171875
4854.46728515625
4752.89794921875
4650.97119140625
4551.04150390625
4460.818359375
4360.93505859375
4265.09716796875
4167.64404296875
4075.251953125
3981.73193359375
3889.687744140625
3802.234375
3710.805419921875
3623.706298828125
3537.21142578125
3454.23095703125
3381.996337890625
3304.834716796875
3232.544189453125
3159.7587890625
3090.739990234375
3021.105224609375
2953.517822265625
2890.19775390625
2827.1181640625
2768.26171875
2709.501708984375
