20000.0
20000.0
20000.0
20000.0
20000.0
20000.0
20000.0
20000.0
20000.0
20000.0
20000.0
20000.0
20000.0
20000.0
20000.0
20000.0
20000.0
20000.0
20000.0
20000.0
20000.0
20000.0
20000.0
20000.0
20000.0
19999.994140625
20000.0
20000.0
20000.0
20000.001953125
19998.115234375
20000.0
20000.0
20000.0
19999.994140625
19999.998046875
20000.0
20000.0
20000.0
20000.0
20000.0
20000.0
20000.0
20000.0
20000.0
19441.767578125
18211.662109375
17235.361328125
16331.96875
15528.666015625
14820.60546875
14087.5537109375
13513.0380859375
12983.783203125
12541.9111328125
12013.375
11524.8984375
11115.1220703125
10708.79296875
10323.650390625
9949.3759765625
9605.833984375
9301.1474609375
9019.6025390625
8747.259765625
8486.7509765625
8246.5087890625
8043.59814453125
7829.7998046875
7633.45068359375
7428.7373046875
7232.9404296875
7039.86962890625
6873.50146484375
6718.46142578125
6561.0322265625
6415.78125
6278.76025390625
6152.56884765625
6045.59375
5934.81787109375
5838.755859375
5749.74609375
5666.5654296875
5584.8564453125
5509.48681640625
5440.603515625
5373.34033203125
5311.6826171875
5251.62255859375
5194.572265625
5145.890625
5094.734375
5047.78125
5001.8251953125
4959.47802734375
4917.8720703125
4878.29833984375
4841.85205078125
4805.5390625
4771.38525390625
4736.8037109375
4699.82421875
4666.0009765625
4628.47705078125
4591.07666015625
4539.55419921875
4462.9130859375
4384.58203125
4305.24267578125
4228.38623046875
4149.8154296875
4074.9794921875
3999.111328125
3923.617431640625
3855.223876953125
3779.244873046875
3706.09423828125
3630.533935546875
3558.814453125
3486.316162109375
3415.544189453125
3348.556640625
3280.927001953125
3215.2216796875
3147.125
