20000.0
20000.0
20000.0
20000.0
20000.0
20000.0
20000.0
20000.0
20000.0
20000.0
20000.0
20000.0
20000.0
20000.0
20000.0
20000.0
20000.0
20000.0
20000.0
20000.0
20000.0
20000.0
20000.0
20000.0
20000.0
19999.990234375
20000.0
20000.0
20000.0
20000.0
20000.0
20000.0
20000.0
20000.0
20000.0
19999.998046875
19999.998046875
20000.0
20000.0
20000.0
20000.0
20000.0
20000.0
20000.0
20000.0
20000.0
20000.0
20000.0
18790.728515625
17641.775390625
16735.185546875
15763.197265625
15019.2333984375
14344.5771484375
13750.8046875
13082.9677734375
12495.9296875
11992.9130859375
11482.9765625
11020.48828125
10584.4140625
10158.748046875
9810.23046875
9492.7001953125
9207.150390625
8928.1181640625
8652.91015625
8405.923828125
8145.34130859375
7925.78955078125
7707.51025390625
7503.39404296875
7308.2431640625
7131.1015625
6972.3837890625
6820.07373046875
6689.64794921875
6566.630859375
6450.66064453125
6352.5927734375
6250.9208984375
6158.19384765625
6068.85546875
5987.4677734375
5908.61181640625
5834.3310546875
5766.53515625
5700.078125
5638.8583984375
5578.54541015625
5520.04736328125
5465.064453125
5402.7509765625
5341.7734375
5271.01025390625
5157.77490234375
5043.7802734375
4929.513671875
4824.1767578125
4721.10595703125
4625.30859375
4529.3662109375
4433.34619140625
4346.17236328125
4249.62158203125
4157.03173828125
4063.001220703125
3973.930908203125
3884.082275390625
3796.489990234375
3713.825927734375
3629.260009765625
3546.7587890625
3464.65576171875
3386.037353515625
3317.64990234375
3244.695068359375
3176.41064453125
3108.18505859375
3043.6435546875
2978.636962890625
2915.5517578125
2856.4482421875
2797.7021484375
2742.8056640625
2687.966796875
