25400.0
25400.0
25006.787109375
24604.83984375
24221.876953125
23761.763671875
23548.40234375
23517.4453125
23530.607421875
23565.234375
23647.60546875
23818.4375
24191.17578125
24762.669921875
25013.072265625
25116.8125
25151.583984375
25180.64453125
25208.265625
25231.439453125
25251.611328125
25268.046875
25280.7265625
25290.244140625
25297.435546875
25297.591796875
25639.90625
26970.58203125
30688.60546875
36514.17578125
43253.54296875
48816.82421875
53674.2109375
58193.15625
65296.79296875
73067.875
81989.03125
92404.765625
103657.65625
114363.015625
125542.8359375
136993.796875
147570.515625
153766.359375
152616.421875
150972.96875
148665.265625
146511.53125
144417.625
142197.21875
140506.5625
138773.171875
137052.53125
135371.421875
133940.796875
132713.484375
131156.328125
129108.21875
128088.2578125
127132.078125
125649.359375
124351.828125
123147.625
122243.9921875
121640.8515625
121233.7890625
120830.8203125
120487.6875
120150.96875
119840.359375
119570.1640625
119395.828125
119317.671875
119375.1484375
119430.609375
119451.4609375
119408.5703125
119153.1171875
118948.546875
118779.1328125
118581.4296875
118332.1015625
117953.90625
117533.4140625
117065.609375
116561.7109375
116053.1875
115454.0390625
114881.421875
114312.6171875
113751.1484375
113241.8828125
112696.6171875
112179.0546875
111660.203125
111170.2734375
110680.15625
110207.890625
109766.8203125
109329.1953125
108915.1953125
108505.6640625
108117.453125
107785.625
107440.6796875
107135.9140625
106865.40625
106635.6875
106425.296875
106236.609375
106382.5390625
106681.7109375
107091.6484375
107467.6015625
107801.8984375
108069.453125
108327.8046875
108546.1328125
108764.75
108965.546875
109155.3515625
109321.59375
109458.5703125
109573.8984375
109662.5078125
109730.640625
