25400.0
25400.0
24585.560546875
24641.255859375
23997.11328125
23627.177734375
23597.234375
23609.931640625
23637.978515625
23689.650390625
23792.32421875
24001.71875
24322.6171875
24838.8828125
25031.12109375
25116.01171875
25153.4765625
25179.533203125
25204.583984375
25225.7265625
25244.623046875
25259.275390625
25272.169921875
25282.513671875
25290.57421875
25297.7890625
25302.021484375
25305.265625
25303.859375
25491.033203125
26128.009765625
28193.94140625
32619.029296875
37650.19921875
43448.328125
48404.31640625
52077.11328125
57450.5234375
63771.296875
71352.9765625
79191.03125
87245.65625
97256.7109375
106136.9375
115615.6328125
125455.3125
135082.84375
144131.21875
152648.78125
153492.703125
152427.421875
150862.71875
148879.578125
147309.859375
145573.375
143776.078125
141915.859375
140565.25
139054.78125
137523.125
136108.203125
134837.859375
133706.453125
132606.296875
131043.0078125
129385.7734375
128251.359375
127718.6953125
126667.9765625
125394.1953125
124306.9921875
123234.7890625
122523.0
121966.9296875
121621.484375
121247.8515625
120879.8984375
120580.453125
120285.4140625
120023.1171875
119761.84375
119566.125
119431.8671875
119393.359375
119453.734375
119519.7578125
119563.9375
119574.578125
119489.8203125
119305.59375
119140.6953125
118999.1015625
118847.6953125
118682.8984375
118432.828125
118109.5625
117754.078125
117367.2421875
116963.2109375
116527.28125
116064.6484375
115598.3515625
115095.78125
114626.09375
114153.5703125
113689.0703125
113216.53125
112756.375
112319.296875
111879.8203125
111464.34375
111046.671875
110640.359375
110282.1796875
109898.2890625
109538.265625
109173.0625
108830.7109375
108489.2890625
108161.2578125
107859.0703125
107562.46875
107289.578125
107027.9921875
