25400.0
25400.0
24568.32421875
24532.826171875
23766.271484375
23321.732421875
23189.28515625
23194.12890625
23271.16015625
23468.09765625
23881.58203125
24484.947265625
24803.09765625
24911.98046875
24969.251953125
25010.66015625
25056.611328125
25102.337890625
25127.216796875
25146.111328125
25160.43359375
25172.52734375
25182.15625
25190.912109375
25196.970703125
25202.298828125
25205.99609375
25208.541015625
25210.06640625
25249.310546875
25487.974609375
26309.091796875
28701.439453125
33316.1484375
39042.71875
45300.85546875
51635.62109375
59156.515625
68009.34375
76457.3515625
86978.8515625
96665.4609375
105943.3359375
117050.3671875
127259.8984375
137103.921875
145182.046875
145049.4375
144418.453125
143366.296875
142457.515625
141226.375
139716.171875
138000.53125
136348.421875
135117.125
134047.171875
133003.203125
131945.21875
130832.1015625
129739.0703125
129157.046875
128385.546875
127179.40625
125726.1328125
124243.7734375
123161.7890625
122040.296875
121445.46875
120900.3984375
120466.453125
119880.7578125
119391.5703125
118994.7578125
118623.65625
118332.828125
118119.0234375
118099.0546875
118135.484375
118180.453125
118215.21875
118226.5234375
118059.765625
117933.0703125
117843.296875
117757.8046875
117644.5234375
117448.84375
117164.109375
116850.1015625
116547.2578125
116171.8515625
115769.4140625
115302.515625
114821.0703125
114339.234375
113871.0625
113409.40625
112935.4296875
112483.0234375
112024.28125
111576.59375
111181.703125
110757.65625
110359.578125
109963.703125
109598.9921875
109243.3515625
108908.3359375
108618.0
108359.171875
108139.21875
107936.75
107747.7734375
107856.5703125
108026.15625
108176.7890625
108314.984375
108523.3984375
108818.78125
109131.7890625
109386.84375
109632.953125
109864.5546875
110088.734375
