25400.0
25400.0
25105.560546875
24610.501953125
24292.7421875
23819.97265625
23352.79296875
23254.5546875
23235.083984375
23243.70703125
23263.27734375
23294.6796875
23425.525390625
23713.447265625
24179.890625
24745.87890625
24930.42578125
24991.134765625
25027.6875
25070.498046875
25129.189453125
25162.302734375
25187.796875
25207.349609375
25223.8203125
25237.646484375
25248.279296875
25258.80078125
25265.58203125
25271.943359375
25276.669921875
25280.095703125
25281.427734375
25280.072265625
25541.263671875
26184.384765625
28443.046875
32814.7578125
37847.703125
43278.47265625
47812.1640625
51561.0703125
56828.734375
62806.59765625
69876.9140625
76477.296875
84973.5390625
94181.203125
102683.2734375
111672.1640625
121720.84375
131184.0625
139647.515625
148588.328125
148678.65625
147920.28125
146608.78125
145689.21875
144445.421875
142997.796875
141360.1875
139668.234375
137832.921875
136620.859375
135476.15625
134341.921875
133233.109375
132084.953125
130980.7421875
129967.2265625
128619.84375
127066.34375
126567.53125
125866.859375
124757.9296875
123555.0703125
122601.7109375
121806.890625
121291.3046875
120813.5078125
120352.0703125
119851.953125
119348.0
118940.6875
118580.828125
118288.953125
118058.375
118013.75
118013.109375
118024.7734375
118027.8046875
118009.5625
117821.6484375
117682.9609375
117583.3203125
117504.359375
117405.4140625
117277.578125
117057.6953125
116789.5
116511.984375
116209.5234375
115888.578125
115528.2109375
115120.46875
114722.78125
114298.7890625
113896.7421875
113477.359375
113064.3125
112642.7265625
112224.3984375
111827.0546875
111425.28125
111046.875
110671.9921875
110315.078125
110007.5234375
109691.140625
109426.2734375
109187.1640625
108980.0390625
108786.8984375
108713.9609375
108895.8125
109046.703125
109182.0
109297.0234375
