25400.0
25400.0
24584.443359375
24802.240234375
24367.083984375
23909.033203125
23579.359375
23535.0234375
23526.9921875
23532.142578125
23554.0390625
23593.654296875
23672.05859375
23820.205078125
24119.322265625
24589.01953125
24947.384765625
25079.1484375
25137.310546875
25161.4609375
25175.884765625
25188.955078125
25199.830078125
25209.06640625
25221.416015625
25236.82421875
25251.142578125
25263.115234375
25267.91796875
25563.330078125
26485.880859375
29612.6171875
34968.921875
41142.1640625
47559.12109375
53090.01171875
57581.67578125
61542.27734375
65298.1875
68266.6875
70926.9375
73273.5859375
78204.0703125
83279.046875
89608.3046875
97033.734375
105493.359375
114292.0625
122293.34375
131072.1875
140391.09375
148465.171875
154934.046875
153846.640625
152632.359375
150965.953125
149049.046875
146894.4375
145105.375
143251.09375
141464.90625
140082.9375
138581.015625
137115.21875
135666.0625
134339.421875
133165.90625
132027.015625
130859.2109375
129114.125
127741.375
127270.328125
126338.734375
125084.2265625
124022.515625
122937.4140625
122101.8046875
121414.6171875
120900.4765625
120541.1953125
120167.0234375
119818.09375
119526.8828125
119227.3671875
118948.890625
118720.8203125
118554.1328125
118443.0625
118420.7734375
118459.3359375
118492.3203125
118489.6953125
118432.5546875
118197.8515625
118010.4921875
117856.90625
117714.65625
117539.0234375
117327.5859375
117043.9453125
116720.3828125
116386.6015625
116018.9609375
115627.875
115261.7421875
114801.328125
114358.984375
113919.921875
113506.390625
113073.90625
112636.4375
112218.84375
111792.2890625
111387.96875
110979.671875
110582.2734375
110232.6484375
109858.9453125
109514.09375
109174.4296875
108862.71875
108567.5703125
108309.84375
108087.890625
107874.390625
107685.53125
107556.484375
