25400.0
25398.552734375
24801.265625
24677.990234375
23929.556640625
23360.3203125
22915.16796875
22832.72265625
22847.662109375
22926.388671875
23282.349609375
23915.169921875
24427.337890625
24595.423828125
24691.44140625
24783.65234375
24868.583984375
24940.328125
25001.556640625
25057.41796875
25109.814453125
25146.9453125
25174.244140625
25196.345703125
25214.890625
25229.640625
25241.95703125
25250.740234375
25280.17578125
25416.619140625
25886.15625
27687.94140625
31188.177734375
36279.75390625
42212.69140625
48269.2890625
55083.33984375
63477.87109375
72198.7890625
82232.5625
92608.15625
102827.6875
114414.84375
125646.3046875
133707.4375
134941.0
135451.6875
135143.078125
134969.578125
134414.265625
133478.859375
132356.578125
130954.9375
129710.7265625
128961.4453125
128133.109375
127345.921875
126493.7109375
125663.46875
124792.734375
123896.1640625
123394.140625
122791.375
121967.6875
120946.34375
119880.3359375
119036.2578125
118172.0703125
117709.984375
117261.0234375
116792.0234375
116216.7890625
115776.296875
115464.875
115309.4921875
115183.34375
115095.0546875
115039.9296875
114931.578125
114778.0625
114713.8359375
114689.15625
114661.953125
114599.40625
114435.125
114221.453125
113993.4765625
113746.7578125
113467.0625
113161.890625
112782.09375
112410.9765625
112073.53125
111678.8359375
111279.7421875
110869.390625
110484.8046875
110108.453125
109754.1484375
109461.5625
109208.1640625
108998.1796875
108809.796875
109000.9765625
109197.7734375
109407.0234375
109582.484375
109723.765625
109824.8359375
109899.5390625
110084.703125
110419.4609375
110734.640625
111005.921875
111244.890625
111447.21875
111600.671875
111737.859375
111842.796875
111934.6640625
112068.4140625
112168.671875
112224.3046875
112244.7421875
112235.0234375
112203.609375
112152.7421875
