25400.0
25397.642578125
24532.796875
24255.1875
23398.228515625
22965.384765625
23029.205078125
23372.46484375
23998.931640625
24529.8984375
24692.15234375
24757.296875
24804.3671875
24849.63671875
24893.564453125
24938.755859375
24980.34375
25040.771484375
25091.919921875
25129.33203125
25160.0859375
25185.33984375
25205.74609375
25222.4921875
25234.634765625
25265.42578125
25391.646484375
25839.18359375
27495.48828125
30877.501953125
35763.78515625
41532.81640625
47058.5703125
52859.94140625
59909.0546875
68241.5546875
76761.4140625
87198.0703125
96719.2421875
107647.8359375
118955.4921875
128456.859375
134877.734375
135537.125
135532.40625
135572.90625
135127.34375
134249.109375
133163.84375
131888.96875
130552.15625
129196.515625
128348.0703125
127571.2265625
126722.78125
125886.84375
124975.3359375
124059.3515625
123589.2734375
123063.890625
122317.6796875
121197.140625
120059.859375
119279.609375
118311.203125
117745.75
117190.9453125
116753.2890625
116221.0859375
115724.6171875
115445.71875
115233.125
115077.3828125
114972.84375
114818.8828125
114638.921875
114572.625
114556.546875
114523.453125
114453.625
114284.4453125
114102.3515625
113915.8515625
113690.6796875
113446.8359375
113125.296875
112775.6953125
112409.8515625
112025.8359375
111676.6796875
111306.8984375
110960.328125
110672.453125
110438.734375
110232.5625
110349.296875
110598.359375
110829.765625
111023.0546875
111177.03125
111284.9609375
111351.0859375
111402.984375
111446.8828125
111529.5625
111733.9765625
112041.765625
112287.65625
112482.8984375
112638.2890625
112756.4921875
112889.859375
113044.515625
113141.3046875
113202.28125
113226.328125
113221.3515625
113194.359375
113147.421875
113097.890625
113047.625
112984.203125
112907.2109375
112812.859375
