25400.0
25368.076171875
24530.845703125
23932.306640625
23317.021484375
22833.525390625
22693.1953125
22837.759765625
23319.73046875
24090.203125
24497.515625
24656.048828125
24753.13671875
24833.76953125
24908.6484375
24972.287109375
25027.296875
25072.947265625
25115.755859375
25161.05078125
25190.65625
25212.87890625
25230.466796875
25243.970703125
25254.669921875
25262.109375
25306.107421875
25496.203125
26193.990234375
28455.5234375
32358.595703125
37568.18359375
43132.9921875
48590.359375
54719.53515625
62175.2421875
70495.421875
79490.0
89958.1328125
99667.7578125
110714.546875
121976.1640625
129452.8828125
131084.609375
131994.546875
132108.421875
132113.40625
131893.75
131252.34375
130394.296875
129292.4765625
128205.0546875
127160.4375
126533.8125
125852.3671875
125117.71875
124408.90625
123654.7734375
122885.640625
122051.3984375
121216.0703125
121064.0703125
120708.140625
119958.7109375
118911.640625
118111.203125
117379.9296875
116640.15625
116143.484375
115716.515625
115293.359375
114781.9375
114442.9296875
114242.421875
114054.3203125
113916.6640625
113826.0234375
113627.5234375
113512.8671875
113477.828125
113478.0078125
113457.125
113393.796875
113240.6015625
113071.6328125
112909.1953125
112708.1484375
112487.3984375
112205.9609375
111883.609375
111586.65625
111246.75
110900.203125
110551.9921875
110228.1015625
109918.3359375
109663.0546875
109454.59375
109271.28125
109301.5390625
109580.125
109815.9765625
110009.34375
110184.953125
110312.78125
110409.6640625
110472.5
110547.8515625
110746.4375
111088.78125
111381.140625
111622.671875
111831.8046875
112002.90625
112129.9921875
112235.578125
112374.5078125
112507.1640625
112590.9765625
112637.1640625
112651.65625
112640.796875
112608.0
112561.6171875
112515.703125
