25400.0
25321.353515625
24531.939453125
24112.09765625
23241.43359375
22723.146484375
22570.140625
22801.2890625
23521.392578125
24336.8671875
24583.62109375
24690.21875
24774.326171875
24850.404296875
24924.751953125
24990.603515625
25047.580078125
25094.53515625
25129.1171875
25171.681640625
25202.5859375
25222.5390625
25236.951171875
25248.56640625
25256.962890625
25268.044921875
25341.12890625
25628.5859375
26797.4375
29935.642578125
34129.66015625
39792.90625
45206.4921875
50525.890625
56872.75
64787.03515625
72996.4921875
82447.1328125
92955.6171875
102743.84375
113876.7890625
123119.6875
124886.53125
126796.6796875
127832.890625
128125.1171875
128070.953125
128115.7109375
127759.5
127165.6171875
126362.28125
125439.5078125
124727.0390625
124333.4453125
123837.046875
123227.0078125
122646.5546875
122037.96875
121429.5234375
120764.921875
120063.796875
119369.4453125
118741.9765625
118843.8671875
118473.828125
117747.4375
116994.78125
116359.84375
115632.109375
114984.953125
114568.625
114192.359375
113821.7734375
113405.4765625
113102.0859375
112888.4375
112685.4765625
112525.40625
112421.9921875
112261.1953125
112130.1953125
112090.5625
112097.2734375
112108.28125
112092.8671875
112000.96875
111861.140625
111724.4921875
111572.265625
111395.1796875
111214.921875
110955.5859375
110685.7734375
110403.0
110115.4765625
109803.0234375
109493.890625
109205.7734375
108924.0859375
108689.75
108496.6171875
108338.6328125
108213.6484375
108334.015625
108602.703125
108846.5
109058.59375
109240.1171875
109381.5859375
109486.4140625
109614.4609375
109857.6875
110214.015625
110522.078125
110771.1796875
111012.203125
111212.1328125
111383.515625
111519.5546875
111632.9375
111754.515625
111889.1640625
111984.3671875
112038.7265625
112063.78125
