25400.0
25361.162109375
24529.736328125
24145.529296875
23310.623046875
22813.1171875
22670.056640625
22822.537109375
23334.208984375
24131.26171875
24515.880859375
24665.8515625
24760.056640625
24839.490234375
24913.1875
24975.974609375
25030.41796875
25076.609375
25119.201171875
25165.689453125
25194.896484375
25216.158203125
25232.693359375
25245.650390625
25255.626953125
25263.763671875
25314.740234375
25528.169921875
26338.662109375
28811.322265625
32803.8828125
38153.703125
43710.7109375
49191.72265625
55546.28125
63344.609375
71697.890625
81052.2890625
91510.578125
101348.1875
112517.7421875
123739.796875
128565.0234375
130258.375
131138.78125
131233.984375
131193.40625
131004.90625
130409.9921875
129601.5390625
128553.359375
127489.0
126615.78125
126052.8671875
125399.0234375
124693.3671875
124013.5234375
123296.8515625
122566.3046875
121770.0625
120962.328125
120579.546875
120410.453125
119778.453125
118819.46875
117919.5546875
117264.59375
116451.609375
115985.5625
115543.0390625
115148.453125
114668.4375
114254.0390625
114035.546875
113840.6484375
113676.015625
113559.90625
113447.296875
113270.8125
113192.75
113181.09375
113186.3984375
113163.53125
113074.4375
112918.0
112755.0859375
112579.7578125
112382.453125
112152.3203125
111858.1640625
111573.6484375
111255.484375
110933.4921875
110584.96875
110250.390625
109919.7734375
109606.8203125
109344.0703125
109116.96875
108931.703125
108767.53125
108997.3046875
109219.71875
109450.890625
109646.15625
109806.875
109924.546875
110012.09375
110100.46875
110299.703125
110659.3515625
110954.640625
111219.3359375
111446.8515625
111621.5
111779.6015625
111902.3359375
112000.8984375
112142.546875
112260.640625
112332.8828125
112368.1953125
112375.2265625
112358.421875
112321.3359375
