25400.0
25400.0
25400.0
25400.0
25400.0
25400.0
25400.0
25400.0
25400.0
25400.0
25400.0
25400.0
25400.0
25400.0
25400.0
25400.0
25400.0
25400.0
25400.0
25400.0
25400.0
25400.0
25400.0
25400.0
25400.0
25400.0
25400.0
34692.6484375
49838.5234375
60053.515625
68092.7890625
73658.703125
78774.609375
83088.71875
86669.703125
89676.78125
92656.4140625
95301.2890625
97424.390625
99380.3515625
101265.9453125
103340.96875
105027.15625
106305.0234375
107449.2421875
110301.921875
114036.6875
119505.90625
125848.1875
133309.734375
140346.125
147444.6875
154033.28125
160588.8125
166969.734375
172112.890625
180018.359375
186311.109375
179333.125
173589.5
169561.796875
165593.734375
163381.140625
161480.453125
160127.453125
159244.640625
159184.734375
159201.046875
159027.578125
158756.125
158650.296875
157824.84375
156540.5
155119.328125
153747.15625
151907.296875
150031.671875
148125.96875
146166.125
144286.953125
142200.53125
140163.546875
138010.015625
136019.15625
134039.53125
132094.0
130280.875
128445.9453125
126749.1171875
125097.03125
123542.6953125
122216.0234375
120837.4140625
119583.4921875
118365.953125
117258.1953125
116170.359375
115169.0546875
114261.1953125
113380.671875
112578.171875
111797.34375
111063.8125
110436.2109375
109782.09375
109187.4140625
108611.484375
108090.234375
107605.34375
107174.140625
106798.3984375
106451.0703125
106148.0859375
105867.109375
105867.9453125
105974.1875
106050.2421875
106107.8359375
106177.703125
106247.3359375
106312.125
106364.65625
106401.828125
106429.9609375
106449.609375
106473.8515625
