25400.0
25400.0
25400.0
25400.0
25400.0
25400.0
25400.0
25400.0
25400.0
25400.0
25400.0
25400.0
25400.0
25400.0
25400.0
25400.0
25400.0
25400.0
25400.0
25400.0
25400.0
25400.0
25400.0
25400.0
25400.0
25400.0
25400.0
25400.0
25400.0
25400.0
25400.0
25400.0
25400.0
25400.0
25400.0
25400.0
25400.0
25400.0
25400.0
25400.0
25400.0
31368.80859375
48550.6484375
61486.0625
72489.3359375
80649.4921875
87532.078125
93491.4609375
98872.359375
104253.140625
108966.2890625
113190.5
116810.84375
119659.5703125
122385.9296875
124722.0078125
126934.1796875
128892.1953125
130921.3203125
132820.421875
134344.75
135681.484375
136847.546875
137965.734375
139020.21875
139922.171875
140847.46875
141673.828125
142463.3125
143202.8125
143902.671875
144552.0625
145218.84375
145829.375
146334.734375
146780.78125
147169.96875
147501.640625
147880.625
148272.890625
148697.84375
149167.59375
149652.78125
150097.71875
153076.71875
154083.890625
154224.171875
153316.34375
151738.15625
153395.78125
157223.359375
160648.875
165512.640625
170133.21875
173300.84375
175286.03125
177082.03125
179947.859375
183069.796875
182842.15625
180655.40625
178942.703125
177178.546875
175545.125
173904.21875
172348.015625
170794.125
169290.265625
167878.984375
166465.140625
165137.296875
163934.3125
162822.125
161839.828125
160792.484375
159829.546875
158887.640625
158015.421875
157144.640625
156301.46875
155302.75
154326.453125
153472.859375
152657.59375
