25400.0
25400.0
25400.0
25400.0
25400.0
25400.0
25400.0
25400.0
25400.0
25400.0
25400.0
25400.0
25400.0
25400.0
25400.0
25400.0
25400.0
25400.0
25400.0
25400.0
25400.0
25400.0
25400.0
25400.0
25400.0
25400.0
33245.29296875
48658.49609375
58414.89453125
66062.7578125
72009.375
76766.5625
80815.6875
84119.5703125
87255.046875
90021.7265625
92698.171875
94976.53125
96989.0078125
99251.15625
103662.15625
109498.7734375
116485.671875
123298.734375
132149.84375
140287.203125
148576.578125
156370.671875
164458.453125
171422.265625
177545.65625
183816.03125
189640.359375
181264.921875
174306.65625
169356.46875
165246.953125
161766.875
159125.78125
157325.375
156151.015625
155960.75
155951.140625
155819.15625
155749.28125
155706.953125
154892.375
153771.390625
152472.703125
151149.578125
149274.75
147469.515625
145598.546875
143593.390625
141578.421875
139492.625
137384.859375
135268.328125
133248.625
131467.90625
129554.8203125
127777.53125
126027.7421875
124374.0625
122813.90625
121351.5390625
120021.5
118732.2109375
117559.8359375
116454.8125
115417.7421875
114531.640625
113596.5546875
112743.1953125
111915.0859375
111162.53125
110433.5390625
109748.1015625
109124.78125
108520.5859375
107969.453125
107436.2734375
106939.4453125
106518.3359375
106087.8671875
105714.5234375
105375.46875
105085.6796875
104821.0625
104584.984375
104583.4921875
104742.4765625
104860.6015625
104973.546875
105090.6953125
105193.234375
105294.96875
105378.078125
105445.0859375
105497.4765625
105544.8046875
105594.0546875
105636.578125
105678.890625
105715.0546875
105742.4375
