25400.0
25400.0
25400.0
25400.0
25400.0
25400.0
25400.0
25400.0
25400.0
25400.0
25400.0
25400.0
25400.0
25400.0
25400.0
25400.0
25400.0
25400.0
25400.0
25400.0
25400.0
25400.0
25400.0
25400.0
25400.0
25400.0
25400.0
25400.0
25400.0
25400.0
25400.0
25400.0
25400.0
25400.0
25400.0
25400.0
25400.0
25400.0
25400.0
25400.0
25400.0
25400.0
36598.25
52802.703125
65091.15234375
75113.265625
82886.03125
89644.421875
95547.4765625
100935.8046875
106259.859375
110891.25
115033.5234375
118584.703125
121378.65625
124052.5
126361.859375
128540.984375
130453.9140625
132373.6875
134227.671875
135702.875
136985.140625
138099.21875
139169.03125
140178.515625
141039.21875
141920.96875
142714.859375
143516.015625
144210.828125
144875.40625
145460.8125
146073.90625
146684.25
147147.796875
147541.953125
147901.984375
148235.3125
148618.0625
149012.765625
149412.640625
149848.078125
150309.59375
153584.3125
154477.296875
154770.21875
153557.671875
151696.125
154567.625
158003.8125
161684.546875
166531.765625
171765.609375
175304.625
177598.640625
179486.09375
182135.265625
184345.015625
182148.109375
180199.65625
178378.828125
176794.890625
175101.59375
173483.671875
171859.53125
170330.625
168799.625
167312.671875
165912.421875
164506.125
163251.09375
162047.125
160889.6875
159876.015625
158788.84375
157784.796875
156796.671875
155876.0
154956.640625
153928.546875
152916.8125
151966.8125
151116.765625
150281.875
