25400.0
25400.0
25400.0
25400.0
25400.0
25400.0
25400.0
25400.0
25400.0
25400.0
25400.0
25400.0
25400.0
25400.0
25400.0
25400.0
25400.0
25400.0
25400.0
25400.0
25400.0
25400.0
25400.0
25400.0
25400.0
25400.0
25400.0
26437.75390625
40888.57421875
51165.75
58408.03515625
63942.72265625
68811.125
72799.046875
76065.8671875
78866.25
81594.421875
84328.140625
86496.140625
88389.0703125
90258.640625
94310.3671875
99305.203125
105371.53125
112184.46875
120631.0859375
128902.8359375
137248.21875
145214.421875
153535.03125
160632.6875
167778.78125
174751.734375
179925.359375
184892.765625
189234.015625
195319.15625
202832.6875
194517.609375
186717.390625
181522.921875
176429.53125
172973.609375
170871.671875
169428.90625
168414.296875
168017.90625
167420.375
166201.4375
164717.375
163285.390625
161537.1875
159426.65625
157297.46875
155146.4375
152736.609375
150288.140625
148000.09375
145431.1875
143037.171875
140642.140625
138394.71875
136161.65625
134004.359375
131982.75
129970.1953125
128135.5859375
126356.3828125
124687.25
123266.5625
121793.359375
120457.0625
119163.703125
117971.9453125
116819.9140625
115745.8515625
114775.9765625
113851.1953125
113031.15625
112254.4453125
111538.234375
110958.8671875
110617.203125
110359.1328125
110077.2109375
109919.7109375
109783.421875
109660.0078125
109546.8984375
109428.890625
109308.2109375
109185.0234375
109073.8046875
108982.8671875
108903.765625
108839.21875
108776.0390625
108712.0390625
108637.109375
108551.6015625
108459.7734375
108354.2890625
108239.578125
108116.3828125
