25400.0
25400.0
25400.0
25400.0
25400.0
25400.0
25400.0
25400.0
25400.0
25400.0
25400.0
25400.0
25400.0
25400.0
25400.0
25400.0
25400.0
25400.0
25400.0
25400.0
25400.0
25400.0
25400.0
25400.0
26941.40625
41636.80859375
51796.65625
58836.328125
64227.03125
68747.4921875
72360.6875
75356.421875
78601.0234375
81236.1953125
83357.59375
86413.9140625
90874.40625
97085.1171875
104210.265625
113897.2890625
123474.0078125
132333.09375
142352.359375
151306.25
160054.859375
167355.921875
174258.25
181113.0
187394.125
192379.453125
199718.265625
202668.140625
191888.890625
185304.421875
179217.203125
175186.265625
173038.625
170989.734375
168927.03125
167086.5625
164904.734375
162304.03125
159751.734375
156820.3125
153795.15625
150934.90625
147808.40625
144899.625
142017.28125
139364.078125
136770.78125
134326.75
132138.015625
130028.0234375
128198.875
126864.234375
125592.1640625
124528.609375
123419.5625
122391.109375
121379.9609375
120452.3046875
119572.8125
118922.1171875
118488.6484375
118080.1796875
117667.234375
117234.4921875
116798.28125
116449.9921875
116103.53125
115735.9375
115323.65625
114909.2109375
114471.1328125
114037.1953125
113634.515625
113219.0078125
112808.734375
112378.5078125
111947.65625
111552.1171875
111122.9921875
110712.6328125
110296.765625
109902.0078125
109509.5234375
109135.1328125
108787.4765625
108435.4296875
108104.546875
107779.4921875
107472.1015625
107207.375
106928.875
106671.7578125
106419.9140625
106187.71875
105959.109375
105741.3125
105539.71875
105340.3515625
105155.6796875
104972.3671875
