25400.0
25400.0
25400.0
25400.0
25400.0
25400.0
25400.0
25400.0
25400.0
25400.0
25400.0
25400.0
25400.0
25400.0
25400.0
25400.0
25400.0
25400.0
25400.0
25400.0
25400.0
25400.0
25400.0
25400.0
25400.0
25400.0
25400.0
25400.0
25400.0
25400.0
25400.0
25400.0
25400.0
25400.0
25400.0
25400.0
25400.0
25400.0
25400.0
25400.0
32874.01953125
49605.26953125
61756.3828125
73268.03125
81498.4765625
88367.8671875
94230.15625
100073.9609375
105436.546875
109978.2265625
113971.390625
117275.984375
120204.390625
122780.1875
124925.7265625
127088.890625
129360.0078125
131268.953125
132811.546875
134196.375
135469.609375
136627.25
137744.4375
138748.84375
139706.828125
140579.40625
141314.78125
142088.796875
142826.015625
143577.609375
144208.703125
144781.671875
145271.9375
145686.703125
146070.46875
146435.03125
146849.671875
147362.484375
147838.640625
148321.1875
148739.71875
149633.828125
152241.171875
152699.1875
152667.21875
151072.34375
150712.609375
154869.296875
158036.859375
162651.203125
166582.09375
169440.328125
171096.953125
172940.796875
175919.828125
179106.734375
181983.53125
185004.875
187599.015625
184751.40625
182367.390625
180196.0
178330.875
176355.015625
174519.109375
172840.296875
171312.140625
169768.359375
168286.453125
166946.625
165636.78125
164425.1875
163134.703125
161730.140625
160581.1875
159415.53125
158341.203125
157274.234375
156362.546875
155435.15625
154495.984375
153576.265625
152610.859375
151587.84375
150534.359375
