25400.0
25400.0
25400.0
25400.0
25400.0
25400.0
25400.0
25400.0
25400.0
25400.0
25400.0
25400.0
25400.0
25400.0
25400.0
25400.0
25400.0
25400.0
25400.0
25400.0
25400.0
25400.0
25400.0
25400.0
34803.91796875
48797.02734375
57021.75390625
63278.67578125
68668.2265625
72514.296875
75918.8203125
79000.765625
82146.6953125
84523.25
86504.25
90197.1640625
94764.6875
101328.203125
108779.3671875
118467.65625
128007.6875
136748.609375
146538.0
155246.03125
163956.3125
171109.9375
177617.234375
183687.5625
189895.15625
198009.734375
199070.328125
188396.015625
181949.453125
176554.96875
172473.984375
169774.453125
168606.390625
167106.125
165342.5625
163612.171875
161742.65625
159266.890625
156918.390625
154258.203125
151469.515625
148878.734375
145913.4375
143162.625
140424.828125
137889.328125
135386.78125
133019.9375
130846.03125
128685.484375
126699.796875
124828.71875
123143.2890625
121751.4296875
120661.140625
119743.0078125
118876.734375
118095.1171875
117323.7734375
116590.1953125
115938.3203125
115425.4765625
115105.234375
114842.1171875
114585.8515625
114350.8671875
114087.8671875
113824.2578125
113544.34375
113266.7421875
113040.375
112815.671875
112566.6875
112283.1953125
111991.78125
111675.390625
111350.8984375
111065.9609375
110747.9140625
110433.6640625
110109.15625
109794.2578125
109471.4765625
109153.34375
108851.578125
108543.828125
108253.1171875
107955.5390625
107669.0625
107420.21875
107155.3515625
106903.1484375
106649.875
106415.796875
106186.1953125
105968.71875
105768.2734375
105571.0
105388.7265625
105209.453125
