25400.0
25400.0
25400.0
25400.0
25400.0
25400.0
25400.0
25400.0
25400.0
25400.0
25400.0
25400.0
25400.0
25400.0
25400.0
25400.0
25400.0
25400.0
25400.0
25400.0
25400.0
25400.0
25400.0
25400.0
25400.0
25400.0
25400.0
25400.0
25400.0
25400.0
25400.0
25400.0
25400.0
25400.0
25400.0
25400.0
25400.0
25400.0
25400.0
29452.30078125
45832.58984375
59834.6875
70688.2265625
79767.9296875
86582.0546875
92759.59375
98521.265625
103930.6328125
108592.140625
112429.359375
115797.7578125
118600.96875
121199.9921875
123579.3671875
125862.34375
128062.171875
129832.2421875
131403.375
132777.96875
134099.671875
135331.421875
136437.40625
137488.515625
138395.078125
139215.171875
140020.625
140863.0
141702.34375
142422.890625
143049.203125
143602.234375
144108.21875
144548.78125
144928.3125
145383.5625
145879.6875
146402.03125
146871.03125
147108.125
147434.734375
148240.546875
151126.234375
151630.171875
151730.53125
150105.890625
149514.328125
153705.640625
156556.703125
160628.15625
163975.71875
165749.875
167362.828125
169578.40625
172513.171875
175314.640625
178086.015625
180794.15625
183777.078125
183427.3125
180880.546875
178647.46875
176583.515625
174808.78125
173062.109375
171525.953125
170019.0625
168599.46875
167243.28125
165980.625
164816.03125
163559.15625
162234.15625
161017.1875
159906.28125
158958.265625
158040.8125
157184.640625
156289.71875
155414.796875
154509.8125
153565.828125
152607.203125
151683.53125
150801.6875
149877.984375
