25400.0
25400.0
25400.0
25400.0
25400.0
25400.0
25400.0
25400.0
25400.0
25400.0
25400.0
25400.0
25400.0
25400.0
25400.0
25400.0
25400.0
25400.0
25400.0
25400.0
25400.0
25400.0
25400.0
25400.0
25400.0
25400.0
30843.716796875
45072.59765625
53698.14453125
59754.828125
64298.66015625
68658.859375
71888.8515625
75247.140625
78112.734375
80425.1953125
85657.828125
91740.5546875
98913.7734375
107990.484375
117984.6875
128261.328125
137930.96875
147727.953125
156808.0625
165106.3125
172079.34375
178837.171875
186162.953125
191617.125
196192.4375
204258.078125
197901.0625
188279.671875
181974.203125
176134.609375
172309.046875
170228.28125
168263.796875
166362.0625
164712.40625
162847.921875
160433.109375
158112.09375
155446.3125
152639.828125
150005.515625
147009.859375
144229.625
141452.6875
138890.875
136382.4375
134012.109375
131845.21875
129765.03125
127883.8046875
126076.9375
124818.5390625
123771.7265625
122716.9609375
121759.90625
120815.1953125
119937.7578125
119073.8984375
118286.4921875
117724.4609375
117363.5859375
117029.0625
116673.3984375
116306.8046875
115970.6875
115593.9375
115294.34375
114993.7578125
114668.1171875
114306.0703125
113927.6953125
113552.5546875
113168.578125
112809.2421875
112435.234375
112055.734375
111706.4296875
111308.1484375
110926.265625
110537.1328125
110164.1640625
109787.9140625
109414.59375
109065.4453125
108719.6953125
108400.1484375
108084.2734375
107782.4375
107514.734375
107226.7109375
106960.8515625
106699.28125
106457.46875
106220.03125
105994.328125
105785.7578125
105580.0
105389.671875
105201.6484375
