25400.0
25400.0
25400.0
25400.0
25400.0
25400.0
25400.0
25400.0
25400.0
25400.0
25400.0
25400.0
25400.0
25400.0
25400.0
25400.0
25400.0
25400.0
25400.0
25400.0
25400.0
25400.0
25400.0
25400.0
25400.0
30931.3125
46768.9921875
57603.42578125
65586.296875
71454.265625
76557.96875
80976.484375
84625.4375
87642.46875
90641.6328125
93220.3203125
95428.0546875
97580.15625
99722.9765625
101576.8671875
103040.9140625
105197.3125
108929.4375
114287.8828125
120449.8359375
127208.828125
135219.0
142671.203125
149905.078125
157000.421875
163572.09375
170124.421875
175885.34375
181536.796875
190343.40625
183410.484375
176412.0625
172194.4375
167714.40625
164514.5
162550.34375
161047.046875
160088.53125
159650.6875
159791.84375
159906.765625
159735.40625
159686.1875
159431.078125
158462.34375
157078.75
155658.078125
154145.78125
152117.84375
150194.765625
148216.09375
146123.640625
144176.984375
142022.78125
139862.109375
137662.5
135612.484375
133559.875
131577.328125
129754.046875
127953.453125
126305.53125
124701.1328125
123239.90625
121981.796875
120668.1484375
119467.859375
118285.40625
117203.0546875
116149.3046875
115159.5703125
114256.1796875
113378.515625
112575.765625
111794.328125
111057.8046875
110426.8515625
109769.9453125
109169.8984375
108584.46875
108049.6875
107529.5234375
107040.9453125
106594.3125
106160.375
105766.078125
105385.953125
105032.484375
104735.71875
104444.453125
104194.625
103966.609375
103770.4609375
103591.0859375
103577.734375
103739.859375
103882.5625
103990.8671875
104105.6953125
