25400.0
25400.0
25400.0
25400.0
25400.0
25400.0
25400.0
25400.0
25400.0
25400.0
25400.0
25400.0
25400.0
25400.0
25400.0
25400.0
25400.0
25400.0
25400.0
25400.0
25400.0
25400.0
25400.0
25400.0
25400.0
25400.0
25400.0
25400.0
31046.552734375
46734.37890625
56445.47265625
64047.37109375
70183.25
74992.8125
79386.0
82980.4296875
86032.8359375
88693.5859375
91412.984375
93625.6640625
95659.6640625
97575.796875
99417.875
101179.2109375
102713.8125
103895.65625
106982.640625
110674.5
116168.8984375
121999.578125
128857.1953125
135968.484375
142878.390625
149754.375
155744.265625
162129.546875
168117.90625
173605.9375
178430.59375
187038.9375
185735.046875
179401.53125
173240.984375
169974.4375
165981.46875
163183.046875
161271.640625
159683.375
158585.28125
157888.59375
157880.046875
157975.46875
157931.328125
157637.734375
157811.21875
157392.734375
156420.1875
155198.3125
154091.265625
152819.15625
151196.0625
149447.296875
147798.140625
146060.6875
144201.984375
142378.5625
140499.109375
138599.84375
136677.203125
134836.640625
133220.5625
131458.15625
129813.9140625
128170.2265625
126616.078125
125107.234375
123708.4453125
122429.21875
121178.75
120032.3828125
118912.328125
117863.4453125
116981.2578125
116040.5234375
115174.5390625
114325.3515625
113547.2578125
112787.078125
112066.65625
111405.8125
110759.796875
110164.609375
109582.6171875
109031.7421875
108557.015625
108060.1015625
107604.953125
107160.5625
106753.796875
106358.7890625
105988.6171875
105654.15625
105345.8515625
105078.3203125
104831.5625
