25400.0
25400.0
25400.0
25400.0
25400.0
25400.0
25400.0
25400.0
25400.0
25400.0
25400.0
25400.0
25400.0
25400.0
25400.0
25400.0
25400.0
25400.0
25400.0
25400.0
25400.0
25400.0
25400.0
25400.0
37301.796875
52241.4140625
62451.48828125
70487.984375
76469.703125
81887.9296875
85753.5390625
89328.0703125
92535.3515625
95488.59375
97892.34375
100125.578125
102416.6328125
104494.8671875
106244.734375
107677.703125
111512.8203125
116743.0859375
122607.78125
129816.6875
137873.46875
145650.859375
153056.0625
160037.84375
166980.96875
173215.5625
182151.15625
183899.015625
175751.015625
170868.140625
166819.265625
163110.65625
161176.578125
159925.40625
159165.84375
158746.5
159017.125
159215.765625
158975.765625
158963.890625
158414.546875
157096.703125
155645.53125
154050.34375
152065.65625
149871.8125
147801.328125
145567.296875
143243.65625
140997.578125
138593.6875
136316.0
134059.90625
131899.90625
130022.9609375
128057.6171875
126260.75
124554.6171875
123018.7578125
121528.2734375
120130.875
118847.6953125
117600.984375
116467.046875
115371.703125
114347.4921875
113475.765625
112571.2421875
111749.515625
110952.4609375
110229.3359375
109529.0
108871.1953125
108273.15625
107694.9765625
107169.046875
106659.75
106183.0703125
105777.875
105360.4296875
104984.1640625
104624.21875
104305.578125
104018.9375
103770.3828125
103559.5703125
103370.390625
103209.7109375
103389.640625
103573.65625
103698.109375
103836.515625
103967.5390625
104092.4921875
104198.9765625
104282.328125
104348.0703125
104403.609375
104456.40625
104508.03125
104564.7265625
