25400.0
25400.0
25400.0
25400.0
25400.0
25400.0
25400.0
25400.0
25400.0
25400.0
25400.0
25400.0
25400.0
25400.0
25400.0
25400.0
25400.0
25400.0
25400.0
25400.0
25400.0
25400.0
25400.0
25400.0
28968.095703125
39689.07421875
48619.9375
59786.8359375
69034.4375
75901.3671875
81751.9375
86764.8359375
90395.59375
93831.25
97070.96875
99932.3046875
102236.1328125
104292.6640625
106479.171875
108675.5234375
110278.828125
111602.5625
113915.6796875
117246.140625
122336.421875
129137.421875
136303.859375
144111.9375
151048.953125
157947.109375
164345.40625
172049.171875
180736.234375
175009.8125
168459.453125
164548.8125
161328.28125
158652.640625
157029.0
156515.859375
156207.90625
156048.6875
156247.8125
156547.484375
156494.296875
156243.90625
156134.0625
155116.0
153799.734375
152217.5625
150559.859375
148426.671875
146427.859375
144376.828125
142218.734375
140095.0
137912.8125
135700.734375
133499.984375
131470.265625
129672.8828125
127752.046875
126033.734375
124379.6015625
122868.96875
121401.1875
120024.25
118765.390625
117540.765625
116421.1484375
115339.03125
114326.578125
113465.625
112571.7578125
111760.25
110973.078125
110258.1875
109566.2421875
108915.9453125
108323.90625
107749.8046875
107228.0859375
106721.203125
106245.28125
105840.0625
105419.953125
105038.3046875
104669.3046875
104335.5703125
104014.0625
103718.7265625
103459.734375
103230.2734375
103039.8828125
102871.7890625
102728.953125
102616.5625
102771.3203125
102995.4140625
103181.625
103355.3671875
103527.6328125
103685.765625
103813.9921875
103924.671875
104015.8828125
104097.375
