25400.0
25400.0
25400.0
25400.0
25400.0
25400.0
25400.0
25400.0
25400.0
25400.0
25400.0
25400.0
25400.0
25400.0
25400.0
25400.0
25400.0
25400.0
25400.0
25400.0
25400.0
25400.0
25400.0
25400.0
25400.0
25400.0
25400.0
25400.0
25400.0
27268.78125
37136.39453125
46477.54296875
57207.60546875
64620.6953125
71424.7734375
76510.9375
81267.5078125
85164.765625
88478.984375
91392.953125
94129.828125
96690.9296875
98793.84375
100674.78125
102404.390625
104087.203125
106020.9765625
107416.2109375
108648.671875
109863.609375
112972.765625
117024.8203125
122269.015625
128351.1640625
135009.46875
141931.296875
148505.328125
154226.484375
160158.203125
165827.265625
171434.40625
178566.515625
185375.359375
179108.046875
173093.890625
169663.703125
166040.109375
162769.84375
160577.3125
159570.78125
158719.890625
158162.765625
157795.65625
157945.953125
158184.1875
158180.140625
157877.859375
157973.90625
157520.4375
156466.890625
155162.28125
153948.375
152579.390625
150804.984375
148975.796875
147263.296875
145470.015625
143558.5
141697.265625
139782.0625
137846.84375
135892.9375
134011.375
132368.046875
130595.0859375
128949.0703125
127341.1015625
125854.8046875
124403.140625
123052.40625
121830.2109375
120629.796875
119527.9140625
118441.8046875
117409.140625
116517.234375
115584.71875
114731.171875
113897.3125
113133.7421875
112385.7578125
111678.0078125
111028.3515625
110391.5703125
109807.9765625
109237.9375
108697.1796875
108231.8046875
107743.40625
107295.84375
106858.9453125
106457.453125
106065.296875
105694.7109375
105356.65625
105028.40625
104731.0546875
104442.921875
