25400.0
25400.0
25400.0
25400.0
25399.951171875
25399.873046875
25399.779296875
25399.60546875
25399.447265625
25399.306640625
25399.193359375
25399.111328125
25399.048828125
25398.97265625
25398.931640625
25398.90625
25398.892578125
25398.884765625
25398.880859375
25398.876953125
25398.875
25398.875
25398.875
25398.875
25398.85546875
25398.818359375
25398.763671875
28889.005859375
38886.4453125
47357.1640625
57389.390625
65476.08984375
71706.359375
77192.2265625
81417.3125
84624.0078125
88017.46875
90949.3359375
93728.4375
95947.4921875
97879.3046875
102536.515625
108256.2109375
115647.78125
123640.609375
132983.125
142065.40625
150183.03125
159088.15625
166947.390625
174169.0625
180962.28125
186856.109375
178206.4375
171596.4375
165795.359375
162001.28125
158412.0625
155658.09375
153814.71875
152941.5625
152567.03125
152300.109375
152055.0625
152161.953125
151451.140625
150321.84375
149089.921875
147835.84375
146017.90625
144221.28125
142581.0
140617.46875
138644.0
136598.9375
134523.4375
132479.796875
130532.40625
128695.1953125
126882.78125
125190.859375
123525.265625
121948.0390625
120556.7265625
119118.7890625
117816.1171875
116560.3046875
115425.4296875
114333.75
113317.53125
112423.5703125
111563.828125
110786.4609375
110032.296875
109325.0703125
108729.203125
108122.4609375
107594.7421875
107124.7890625
106740.84375
106388.328125
106143.5859375
106289.265625
106406.2421875
106500.921875
106605.2265625
106699.9375
106770.7109375
106828.96875
106873.03125
106912.5078125
106959.9765625
107011.296875
107057.1328125
107089.1015625
107103.2734375
107100.5234375
107076.8828125
107035.921875
106990.078125
106936.6953125
106913.765625
106879.3125
106822.0234375
106741.71875
106645.7109375
106540.359375
106422.4921875
106301.828125
106176.6796875
