25400.0
25400.0
25400.0
25400.0
25399.953125
25399.876953125
25399.7890625
25399.62109375
25399.47265625
25399.337890625
25399.232421875
25399.154296875
25399.09375
25399.0234375
25398.984375
25398.9609375
25398.94921875
25398.94140625
25398.9375
25398.935546875
25398.93359375
25398.931640625
25398.931640625
25398.931640625
25398.91796875
25398.88671875
25398.83984375
27718.763671875
43869.640625
55583.515625
64094.20703125
70663.7421875
76215.046875
80567.234375
83806.6953125
87231.8515625
90270.78125
92971.6796875
95109.078125
98444.9375
103322.4453125
110356.6875
118042.2890625
126819.0859375
136079.4375
145297.65625
153433.734375
162392.078125
169973.84375
177103.296875
183883.15625
184560.890625
176542.015625
169927.109375
164590.1875
160859.453125
157211.796875
154626.875
152945.390625
152190.53125
151922.53125
151759.390625
151530.453125
151745.828125
151123.53125
150036.546875
148822.65625
147601.296875
145857.171875
144072.078125
142456.34375
140525.59375
138570.3125
136541.546875
134489.171875
132447.4375
130505.703125
128674.5
126864.7734375
125175.96875
123512.1171875
121938.140625
120557.7265625
119118.796875
117816.6328125
116592.453125
115488.7890625
114424.4296875
113430.703125
112531.09375
111663.484375
110884.1484375
110144.2109375
109442.359375
108844.4609375
108229.4140625
107678.0546875
107153.96875
106697.8203125
106286.6875
105928.453125
105624.40625
105348.6015625
105479.828125
105635.2734375
105752.984375
105864.7421875
105984.328125
106087.0
106173.125
106238.609375
106295.5546875
106355.6171875
106417.0234375
106475.5234375
106520.6640625
106551.2421875
106557.34375
106551.875
106533.6640625
106504.21875
106461.828125
106423.6328125
106412.015625
106381.53125
106329.96875
106257.5625
106173.5390625
106075.96875
