25400.0
25400.0
25400.0
25400.0
25400.0
25400.0
25400.0
25400.0
25400.0
25400.0
25400.0
25400.0
25400.0
25400.0
25400.0
25400.0
25400.0
25400.0
25400.0
25400.0
25400.0
25400.0
25400.0
25400.0
25400.0
36680.75390625
51895.8671875
61675.3125
69685.6875
75575.7890625
80702.4609375
84779.484375
87988.0625
91248.203125
94089.4609375
96675.28125
98830.9453125
101981.671875
106759.765625
113727.453125
121409.3046875
129873.3203125
138944.296875
147884.078125
155701.0625
164070.625
171490.859375
178148.25
181369.0625
173254.9375
167230.875
161399.953125
157832.859375
154248.203125
151953.03125
150120.015625
148936.078125
148254.453125
148359.609375
148577.484375
148593.765625
148682.109375
148659.5625
147947.40625
146827.59375
145724.078125
144443.125
142688.53125
141160.8125
139453.90625
137686.25
135797.109375
133972.203125
132009.3125
130109.9765625
128370.890625
126624.9296875
124991.4296875
123413.296875
121921.9140625
120639.78125
119264.5859375
118026.71875
116846.359375
115768.8125
114723.796875
113745.296875
112857.234375
111997.9140625
111217.78125
110462.6015625
109751.3046875
109142.125
108506.9453125
107930.6171875
107374.109375
106870.03125
106383.2734375
105930.4296875
105521.640625
105133.6640625
104788.3671875
104483.3828125
104220.6953125
104015.75
103819.0859375
103688.7421875
103931.3125
104145.7265625
104339.1796875
104529.328125
104701.9375
104858.84375
104988.046875
105100.109375
105194.71875
105279.671875
105369.484375
105443.0546875
105509.453125
105562.65625
105602.0078125
105626.0
105635.703125
105632.6796875
105619.125
105594.4140625
