25400.0
25400.0
25400.0
25400.0
25400.0
25400.0
25400.0
25400.0
25400.0
25400.0
25400.0
25400.0
25400.0
25400.0
25400.0
25400.0
25400.0
25400.0
25400.0
25400.0
25400.0
25400.0
25400.0
25400.0
25400.0
39988.1171875
54296.88671875
63648.65625
71297.5390625
77113.5703125
82083.3671875
86048.8515625
89284.625
92460.59375
95197.1640625
97874.40625
100091.09375
101835.78125
106060.65625
111268.21875
118538.828125
126139.4453125
135322.96875
144116.203125
151921.578125
160182.25
167898.0625
174785.375
183684.25
177120.296875
170393.109375
164358.03125
160451.984375
156815.28125
154426.21875
152579.734375
151432.234375
150950.953125
151049.96875
151159.515625
151008.6875
151212.703125
150723.25
149663.421875
148379.59375
147126.3125
145392.65625
143555.0
141899.78125
139968.875
138009.015625
135986.0
133958.40625
131916.140625
129975.9453125
128156.625
126338.2265625
124652.9140625
122999.9765625
121410.5546875
120081.8984375
118709.8046875
117466.0546875
116263.7890625
115176.5390625
114157.734375
113204.5859375
112338.6015625
111500.90625
110729.703125
109983.453125
109285.4375
108693.234375
108081.34375
107527.0234375
106993.21875
106513.2265625
106057.484375
105637.1171875
105286.765625
104973.8671875
104711.796875
104476.0078125
104404.3203125
104601.6796875
104776.765625
104935.828125
105097.96875
105243.453125
105372.828125
105479.7578125
105566.7265625
105644.15625
105719.515625
105795.25
105859.78125
105902.9921875
105937.546875
105957.9609375
105963.8984375
105956.84375
105936.6640625
105904.8984375
105876.15625
105870.34375
105849.140625
105804.8828125
