25400.0
25400.0
25400.0
25013.298828125
24621.755859375
24640.046875
24600.802734375
24592.94921875
24593.408203125
24596.5625
24600.265625
24603.84375
24607.341796875
24610.69921875
24614.47265625
24617.2109375
24619.673828125
24622.12109375
24625.05859375
24628.373046875
24632.431640625
24636.73046875
24641.673828125
24647.3828125
24654.41796875
24662.970703125
24673.79296875
24708.8203125
25534.6015625
30844.080078125
38304.07421875
44988.515625
52025.765625
57807.40234375
62865.09375
67219.46875
70881.1875
73982.6484375
76832.109375
79639.078125
81740.5
85379.890625
90368.6953125
96395.4609375
103784.671875
111787.625
120296.2265625
128438.8359375
137182.96875
146076.84375
154114.921875
161768.578125
168890.109375
176140.09375
182124.75
177429.109375
172498.65625
168059.59375
164545.359375
161218.875
157521.109375
153980.6875
150672.21875
146939.0
145424.0
143188.046875
140978.046875
139254.65625
137878.828125
136675.234375
135675.125
134919.625
134329.6875
134114.28125
134076.671875
133973.46875
133738.453125
133444.328125
133103.359375
132773.515625
132535.109375
132227.25
131769.15625
131064.6328125
130382.15625
129730.203125
129062.7890625
128299.765625
127483.4140625
126617.953125
125743.25
124923.859375
123966.5859375
123030.6171875
122098.8359375
121228.71875
120338.671875
119468.7421875
118653.9375
117836.4140625
117072.25
116310.6875
115579.4296875
114940.40625
114259.609375
113625.5078125
112998.21875
112413.6796875
111834.640625
111280.8671875
110766.75
110259.796875
109793.0078125
109336.0859375
108903.9296875
108546.203125
108186.2890625
107867.3828125
107563.640625
107290.953125
107187.28125
107357.8515625
107514.9453125
107744.1484375
107944.7421875
108129.5546875
