25400.0
25400.0
25314.498046875
24792.46875
24784.916015625
24837.46875
24855.7734375
24860.5078125
24863.142578125
24865.84765625
24868.40625
24870.880859375
24874.111328125
24876.119140625
24877.896484375
24879.5234375
24881.1015625
24882.603515625
24883.916015625
24885.3046875
24886.59375
24887.880859375
24888.818359375
24891.15625
24931.251953125
31911.154296875
42449.20703125
51638.359375
59195.1171875
65705.96875
70516.453125
75115.53125
78631.3984375
81741.1015625
84944.359375
87733.59375
89892.6953125
92963.2109375
98138.03125
104759.1796875
112577.3828125
121174.2890625
129054.609375
137719.703125
146212.0625
154925.640625
162973.640625
170276.625
174368.453125
169816.984375
165186.703125
160523.796875
156778.515625
152952.671875
149974.15625
146875.34375
143460.65625
142302.78125
140132.28125
137996.09375
136343.875
135124.6875
134162.34375
133630.578125
133272.59375
133048.984375
132931.890625
132830.390625
133006.0625
133256.3125
133261.109375
133046.40625
132678.734375
132221.03125
131845.234375
131412.34375
130750.9296875
129916.578125
129210.875
128439.1484375
127644.3359375
126723.0703125
125780.6015625
124806.0703125
123810.4765625
122803.9140625
121764.8515625
120802.6328125
119853.0703125
118922.8515625
118101.0
117229.71875
116414.203125
115604.203125
114851.9921875
114107.296875
113417.3984375
112783.1328125
112154.703125
111571.328125
110993.3203125
110439.0859375
109956.8203125
109467.125
109008.15625
108551.0390625
108126.0390625
107705.8046875
107304.3828125
106933.359375
106570.046875
106237.8203125
105916.078125
105615.7421875
105378.140625
105150.625
104953.0546875
104775.75
104626.0
104615.0
104899.46875
105142.84375
105386.7734375
105609.265625
105817.2890625
