25400.0
25400.0
25296.19140625
24823.435546875
24823.435546875
24863.37109375
24886.7890625
24891.541015625
24893.21484375
24895.876953125
24898.64453125
24901.1953125
24904.259765625
24906.763671875
24908.6015625
24910.330078125
24911.904296875
24913.44140625
24914.904296875
24916.15625
24917.5
24918.59375
24919.69140625
24948.943359375
32479.783203125
43934.140625
53700.578125
61692.57421875
68369.0546875
73863.3125
78242.1328125
81525.9140625
85063.4296875
88246.3828125
90796.0234375
93920.484375
99487.3828125
107001.96875
115253.3046875
124576.8671875
133601.859375
143000.65625
152275.28125
160806.125
168980.203125
173715.375
168522.875
163596.265625
158612.921875
154473.453125
150661.765625
147235.515625
143591.09375
142226.03125
139832.609375
137730.359375
136171.390625
134864.96875
133994.65625
133611.421875
133400.65625
133323.171875
133279.6875
133389.859375
133721.171875
133735.25
133474.578125
133046.015625
132535.828125
132073.78125
131484.796875
130559.9453125
129658.4375
128779.2265625
127875.5390625
126822.40625
125765.2265625
124665.5078125
123545.3984375
122474.2421875
121337.6640625
120295.515625
119255.8671875
118270.4296875
117298.828125
116364.0625
115499.59375
114669.9921875
113913.6953125
113167.1796875
112452.953125
111833.859375
111179.6640625
110602.5234375
110025.3984375
109488.40625
108957.5234375
108450.9921875
107983.3125
107523.6171875
107100.6640625
106686.4921875
106296.640625
105965.4453125
105621.0234375
105305.1953125
105032.2421875
104807.265625
104608.6953125
104438.4921875
104343.359375
104642.7265625
104905.4140625
105167.984375
105413.0859375
105613.3984375
105802.78125
105961.1796875
106102.1953125
106233.03125
106365.046875
106486.75
106591.8671875
106683.34375
106753.78125
106805.9921875
