25400.0
25400.0
25400.0
24911.033203125
24667.19921875
24708.03125
24713.111328125
24713.357421875
24714.458984375
24716.115234375
24719.673828125
24723.392578125
24726.814453125
24730.505859375
24733.9296875
24736.46875
24738.90234375
24741.126953125
24743.34765625
24745.517578125
24748.28125
24751.703125
24755.326171875
24761.154296875
24802.1328125
29410.318359375
39473.6640625
48635.82421875
56946.6484375
63801.171875
69654.296875
74451.078125
77898.3828125
81384.2890625
84682.984375
87400.609375
90643.9140625
96256.2890625
103852.7109375
112116.921875
121667.78125
130751.7890625
140400.453125
150015.890625
158635.75
167039.1875
174577.71875
170817.046875
165959.84375
160810.65625
156639.03125
153124.40625
149653.453125
146286.875
142874.078125
141282.203125
139106.28125
136766.34375
135201.4375
134092.296875
133340.578125
132738.3125
132336.484375
132060.859375
132087.203125
132267.59375
132235.84375
131999.578125
131669.09375
131253.40625
130903.5859375
130445.046875
129705.546875
128887.53125
128110.8984375
127320.5078125
126409.7734375
125457.015625
124449.3125
123419.078125
122434.3203125
121343.8359375
120339.6484375
119346.953125
118394.40625
117448.75
116538.2109375
115693.984375
114859.1875
114085.3828125
113323.40625
112596.828125
111966.859375
111304.4453125
110693.2578125
110092.234375
109538.0234375
109001.796875
108504.890625
108048.9453125
107603.265625
107197.3984375
106804.0625
106462.578125
106188.765625
105958.3515625
105763.71875
105659.1875
105960.6015625
106235.6328125
106498.7578125
106720.375
106920.0234375
107083.578125
107224.484375
107346.96875
107457.5234375
107574.8203125
107675.515625
107763.7109375
107831.1796875
107880.9453125
107912.046875
107926.0546875
107924.65625
107914.03125
107932.9140625
