25400.0
25400.0
25398.322265625
24871.15625
24728.96484375
24749.685546875
24804.115234375
24811.154296875
24814.068359375
24816.830078125
24819.771484375
24822.53515625
24825.26953125
24828.638671875
24830.751953125
24832.6796875
24834.4453125
24836.177734375
24837.828125
24839.28515625
24840.822265625
24842.248046875
24843.712890625
24844.869140625
24851.224609375
25598.603515625
35313.88671875
45317.94921875
54080.515625
61442.7734375
67917.015625
72573.1171875
77031.5234375
80456.5390625
83544.1015625
86578.5546875
89470.1328125
91745.2109375
93443.7890625
97965.6953125
103087.53125
110354.046875
118198.3046875
125953.9609375
134447.484375
142715.34375
151132.0
159391.578125
166894.9375
173689.90625
170985.0
166336.484375
161549.34375
157484.328125
153675.90625
150558.390625
147419.796875
144297.671875
142941.71875
140763.03125
138535.78125
137024.34375
135782.28125
134901.46875
134410.859375
134074.859375
133870.578125
133750.59375
133630.734375
133913.046875
134081.15625
133957.546875
133651.4375
133193.40625
132743.640625
132311.4375
131806.8125
130967.515625
130127.53125
129404.1171875
128576.328125
127708.578125
126717.5234375
125746.0859375
124732.9765625
123695.625
122645.84375
121605.71875
120645.484375
119689.1328125
118741.1796875
117919.5859375
117042.7890625
116223.65625
115414.4921875
114661.40625
113916.1015625
113203.71875
112542.5078125
111888.703125
111300.9375
110726.4375
110176.65625
109697.2421875
109187.6015625
108715.34375
108249.03125
107818.3359375
107399.6875
107018.8203125
106669.046875
106330.2890625
106028.75
105763.0390625
105526.1640625
105336.0703125
105152.4921875
104996.8515625
105215.359375
105471.6953125
105710.46875
105938.265625
106141.75
106327.3828125
106484.046875
106622.796875
