25400.0
25400.0
25284.421875
24691.44140625
24535.55078125
24455.01171875
24424.302734375
24421.0546875
24421.9453125
24424.318359375
24429.53515625
24435.009765625
24440.111328125
24445.1015625
24451.30078125
24458.001953125
24466.009765625
24475.490234375
24488.50390625
24506.80078125
24531.7421875
24568.298828125
24618.583984375
24700.7421875
24903.23828125
26293.16796875
30029.349609375
37210.4765625
45087.453125
52525.06640625
59003.80078125
64345.9609375
68659.78125
72484.7265625
75705.1171875
78662.5703125
83266.1640625
89278.9296875
97285.9765625
105829.6796875
116193.6640625
125622.8515625
135824.75
146297.53125
154863.171875
163931.25
172565.203125
174319.3125
169286.9375
164531.953125
160254.71875
157013.078125
153541.4375
150080.203125
146676.59375
142959.3125
141013.65625
139122.671875
136904.75
134784.140625
133375.25
132115.5625
131148.5625
130448.9609375
130301.2578125
130105.21875
129841.2734375
129546.8828125
129272.5546875
128969.859375
128805.0546875
128563.7421875
128083.1015625
127413.0078125
126802.5234375
126192.234375
125477.8203125
124680.8359375
123830.546875
122954.25
122141.2890625
121164.6953125
120247.2578125
119331.5625
118444.84375
117554.09375
116694.953125
115891.3828125
115093.6796875
114352.046875
113617.4921875
112916.0234375
112306.71875
111665.390625
111078.234375
110504.9921875
109985.1640625
109496.5234375
109064.4375
108689.4765625
108339.1015625
108130.234375
108189.9765625
108269.640625
108407.2890625
108697.4140625
108928.6171875
109123.578125
109278.3203125
109421.0390625
109562.34375
109688.0625
109799.3515625
109874.8359375
109914.09375
109928.6953125
109924.8671875
109902.0
109867.875
109869.953125
109856.5234375
109808.5703125
109733.109375
109639.5234375
109526.3203125
109404.4609375
109270.9453125
