25400.0
25400.0
25307.7265625
24719.138671875
24553.625
24444.11328125
24414.630859375
24410.306640625
24413.7421875
24418.94140625
24424.431640625
24429.556640625
24434.576171875
24440.841796875
24447.552734375
24455.5625
24465.126953125
24478.28515625
24496.96875
24522.7890625
24559.615234375
24612.38671875
24700.93359375
24812.501953125
25413.59765625
27007.908203125
31171.322265625
38104.51171875
45506.97265625
52360.58984375
58029.58203125
62413.3828125
66989.1640625
70397.2109375
73450.296875
79419.5390625
86189.625
94613.9375
104071.3125
114429.5859375
124541.7578125
135351.71875
145955.703125
154856.515625
164329.515625
172789.125
178778.4375
173272.140625
168577.859375
163931.90625
160264.328125
156377.25
152611.375
148893.96875
145065.0625
143114.421875
140809.9375
138358.75
136201.515625
134748.421875
133421.828125
132415.09375
132098.640625
131768.328125
131433.828125
131066.171875
130729.28125
130430.9921875
130259.53125
130025.0546875
129520.6875
128848.8125
128213.1875
127548.640625
126801.8671875
125923.90625
125049.640625
124107.9375
123125.7265625
122186.8125
121183.921875
120243.5234375
119273.3046875
118366.2421875
117455.75
116580.0078125
115765.8984375
114957.09375
114208.1484375
113467.765625
112762.5
112155.0859375
111520.6953125
110942.7578125
110389.78125
109915.875
109476.8203125
109080.609375
108764.4609375
108797.21875
108800.4609375
108878.453125
109040.671875
109266.921875
109457.0703125
109605.5859375
109736.921875
109866.453125
109992.09375
110094.25
110152.96875
110188.96875
110200.359375
110190.9453125
110162.15625
110125.7109375
110123.921875
110107.8515625
110055.703125
109978.546875
109876.6875
109757.5078125
109629.6171875
109490.265625
109358.2578125
109215.234375
