25400.0
25400.0
25166.642578125
24585.375
24420.05078125
24100.0546875
23967.048828125
23952.9453125
23952.703125
23956.111328125
23965.5078125
23980.2578125
23999.357421875
24029.845703125
24087.068359375
24177.36328125
24365.2734375
24627.076171875
25038.626953125
25161.0
25193.072265625
25215.072265625
25235.677734375
25255.0078125
25269.421875
25279.9296875
25381.2265625
26011.404296875
28326.68359375
33389.89453125
39846.5390625
46571.31640625
51742.0390625
56402.03125
60560.82421875
64000.40234375
69203.8515625
75681.2265625
83744.875
92529.1640625
103098.6796875
113026.671875
123920.0390625
135003.046875
144244.25
154310.453125
163102.359375
170280.953125
168858.25
165155.078125
161267.5625
157311.71875
153793.421875
150948.71875
148132.3125
145227.25
142358.828125
139257.59375
137909.328125
135610.921875
133564.421875
131733.640625
130502.1484375
129602.234375
128817.4609375
128140.171875
127511.4140625
127038.796875
126718.859375
126580.140625
126496.8203125
126342.1875
125913.1015625
125483.2578125
125092.6328125
124634.703125
124046.0859375
123391.9609375
122689.4296875
121937.3125
121227.1640625
120371.75
119571.8046875
118763.7109375
117976.265625
117182.2265625
116407.28125
115676.1484375
114942.375
114271.1015625
113622.9296875
113041.328125
112571.0390625
112104.6640625
111695.9375
111722.9609375
111729.546875
111739.4375
111731.8671875
111694.8515625
111628.515625
111620.15625
111727.3125
111942.203125
112107.453125
112261.9609375
112379.734375
112466.1015625
112518.5390625
112543.296875
112545.0625
112591.3515625
112616.109375
112591.7265625
112501.8359375
112381.9375
112253.8828125
112094.5078125
111936.921875
111775.046875
111612.6484375
111435.359375
111248.0
111059.15625
110856.59375
110651.40625
110430.078125
