25400.0
25400.0
25305.32421875
24712.314453125
24547.484375
24421.767578125
24383.544921875
24378.111328125
24381.513671875
24386.91796875
24392.642578125
24397.982421875
24403.24609375
24410.615234375
24418.2421875
24427.423828125
24439.078125
24455.625
24480.81640625
24513.296875
24562.63671875
24641.41015625
24757.806640625
24947.8203125
25340.783203125
26290.3125
29270.73828125
35675.61328125
42640.453125
49713.5859375
55653.703125
60002.59765625
64760.63671875
68294.359375
71251.1953125
77022.0234375
83520.0859375
91863.9140625
101104.03125
111522.65625
121623.1640625
132487.046875
143231.28125
152235.921875
161890.25
170459.40625
177402.28125
175954.125
171107.796875
166216.328125
162200.625
158163.515625
154346.3125
150537.0
146732.25
144236.8125
141981.46875
139431.109375
137096.15625
135521.03125
134091.90625
133132.34375
132679.765625
132243.578125
131790.515625
131381.421875
131019.3671875
130791.296875
130602.7109375
130323.484375
129660.6953125
129026.96875
128396.7265625
127699.65625
126879.1796875
125976.8359375
125078.1484375
124107.375
123063.3515625
122130.1328125
121129.125
120170.640625
119201.1328125
118293.3203125
117388.1015625
116512.90625
115701.0703125
114895.125
114149.6953125
113414.671875
112722.8203125
112135.3828125
111535.9609375
111017.8359375
110539.0078125
110120.09375
109876.984375
109875.59375
109855.625
109834.09375
109889.6953125
110025.640625
110214.2578125
110345.671875
110479.828125
110608.3125
110726.7578125
110819.984375
110867.2421875
110882.8203125
110874.3203125
110843.546875
110796.6484375
110774.046875
110760.65625
110715.7265625
110633.0625
110529.1015625
110402.5859375
110266.265625
110116.5078125
109971.8671875
109830.203125
109671.7578125
109506.6640625
109329.9140625
