20000.0
20000.0
20000.0
20000.0
20000.0
20000.0
20000.0
20000.0
20000.0
20000.0
20000.0
20000.0
20000.0
20000.0
20000.0
20000.0
20000.0
20000.0
20000.0
20000.0
20000.0
20000.0
20000.0
20000.0
20000.0
20000.0
20000.0
20000.0
20000.0
20000.0
20000.0
20000.0
20000.0
20000.0
20000.0
20000.0
20000.0
20000.0
20000.0
20000.0
20000.0
19999.541015625
19999.634765625
20000.0
19999.96875
20000.0
19999.974609375
19999.9921875
20000.0
20000.0
20000.01171875
20000.005859375
20000.001953125
20000.001953125
20000.0
20000.0
20000.0
20000.0
20000.0
20000.0
20000.0
20000.0
20000.0
20000.0
20000.0
20000.0
20000.0
20000.0
20000.0
20000.0
20000.0
20000.0
20000.0
20000.0
20000.0
20000.0
20000.0
20000.0
20000.0
20000.0
20000.0
20000.0
20000.0
20000.0
20000.0
19996.318359375
20000.0
20000.0
20000.0
19999.998046875
19999.9453125
19999.998046875
19999.986328125
19999.994140625
20000.0
20000.0
20000.0
20000.0
19999.998046875
20000.0
20000.0
19827.251953125
19393.484375
18976.857421875
18553.337890625
18152.5703125
17754.373046875
17371.443359375
17014.486328125
16658.70703125
16326.80078125
15984.7265625
15646.9267578125
15348.4560546875
15024.51171875
14719.341796875
14409.8818359375
14115.443359375
13817.2138671875
13524.853515625
13283.37109375
13030.6357421875
12780.525390625
12522.8779296875
