20000.0
20000.0
20000.0
20000.0
20000.0
20000.0
20000.0
20000.0
20000.0
20000.0
20000.0
20000.0
20000.0
20000.0
20000.0
20000.0
20000.0
20000.0
20000.0
20000.0
20000.0
20000.0
20000.0
20000.0
20000.0
20000.0
20000.0
20000.0
20000.0
20000.0
20000.0
20000.0
20000.0
20000.0
20000.0
20000.0
20000.0
20000.0
20000.0
20000.0
20000.0
19999.994140625
20000.001953125
19999.8984375
19999.912109375
20000.0
19999.974609375
19999.998046875
20000.0
19999.99609375
20000.01171875
20000.005859375
20000.001953125
20000.001953125
20000.0
20000.0
20000.0
20000.0
20000.0
20000.0
20000.0
20000.0
20000.0
20000.0
20000.0
20000.0
20000.0
20000.0
20000.0
20000.0
20000.0
20000.0
20000.0
20000.0
20000.0
20000.0
20000.0
20000.0
20000.0
20000.0
20000.0
20000.0
20000.0
20000.0
19995.615234375
20000.0
20000.0
19999.998046875
20000.0
20000.0
20000.0
19999.998046875
19999.90234375
20000.0
20000.0
20000.0
20000.0
20000.0
20000.0
19720.83984375
19295.509765625
18913.7109375
18499.15625
18110.095703125
17718.375
17349.779296875
16984.3515625
16633.294921875
16305.591796875
15978.3251953125
15672.646484375
15355.576171875
15043.328125
14765.24609375
14466.0478515625
14183.29296875
13895.876953125
13622.69921875
13344.97265625
13072.927734375
12843.0380859375
12609.5322265625
12378.0419921875
12138.142578125
