20000.0
20000.0
20000.0
20000.0
20000.0
20000.0
20000.0
20000.0
20000.0
20000.0
20000.0
20000.0
20000.0
20000.0
20000.0
20000.0
20000.0
20000.0
20000.0
20000.0
20000.0
20000.0
20000.0
20000.0
20000.0
20000.0
20000.005859375
20000.0
20000.0
20000.0
20000.0
19999.994140625
20000.0
20000.0
20000.0
20000.0
20000.0
20000.0
20000.0
20000.0
20000.0
20000.0
20000.0
20000.0
20000.0
20000.0
20000.0
20000.0
20000.0
20000.0
20000.0
20000.0
19698.65234375
18507.298828125
17447.869140625
16482.3359375
15426.544921875
14519.2041015625
13654.3603515625
12910.748046875
12268.771484375
11690.2314453125
11156.150390625
10627.68359375
10120.8056640625
9598.4140625
9144.3662109375
8782.9833984375
8407.453125
8062.7490234375
7758.591796875
7484.3662109375
7220.87353515625
6981.86962890625
6773.89013671875
6578.36572265625
6416.42724609375
6264.45263671875
6120.53857421875
5999.9189453125
5874.77392578125
5761.29443359375
5652.41943359375
5552.1123046875
5459.33447265625
5372.740234375
5294.60205078125
5219.50048828125
5151.74169921875
5087.26611328125
5027.50732421875
4976.87548828125
4924.689453125
4877.70654296875
4832.462890625
4791.40380859375
4751.62158203125
4714.19189453125
4680.140625
4647.05419921875
4616.75732421875
4587.2890625
4559.47265625
4535.384765625
4509.8544921875
4484.9697265625
4458.72412109375
4432.74169921875
4405.46533203125
4378.1103515625
4334.15185546875
4275.24560546875
4219.58544921875
4161.802734375
4102.9228515625
4049.2900390625
3990.078857421875
3933.418701171875
3875.826904296875
3820.893798828125
3764.49951171875
3707.965087890625
3653.246337890625
3596.599365234375
3541.98974609375
3486.097900390625
