20000.0
20000.0
20000.0
20000.0
20000.0
20000.0
20000.0
20000.0
20000.0
20000.0
20000.0
20000.0
20000.0
20000.0
20000.0
20000.0
20000.0
20000.0
20000.0
20000.0
20000.0
20000.0
20000.0
20000.0
20000.0
20000.0
20000.0
20000.0
20000.0
20000.0
20000.0
20000.0
20000.0
20000.0
20000.0
20000.0
20000.0
20000.0
20000.0
20000.0
20000.0
20000.0
19989.42578125
20000.0
20000.001953125
20000.0
19999.984375
19999.974609375
20000.0
20000.0
20000.0
20000.0
20000.00390625
20000.001953125
20000.001953125
20000.0
19999.998046875
20000.0
20000.0
19999.9765625
20000.0
20000.0
20000.0
20000.0
20000.0
20000.0
20000.0
20000.0
20000.0
20000.0
20000.0
20000.0
20000.0
20000.0
20000.0
20000.0
20000.0
20000.0
19999.998046875
20000.0
20000.0
20000.0
20000.0
20000.0
19994.826171875
20000.0
20000.0
20000.0
19999.998046875
20000.0
19999.95703125
19999.998046875
19999.939453125
20000.0
20000.0
20000.0
20000.0
20000.0
19902.703125
19475.744140625
19047.91796875
18629.640625
18261.587890625
17867.57421875
17493.474609375
17122.6484375
16779.060546875
16436.556640625
16107.4150390625
15800.4765625
15494.8779296875
15202.3154296875
14904.544921875
14612.6748046875
14357.5361328125
14082.4697265625
13821.48828125
13556.5107421875
13304.5390625
13049.71484375
12818.927734375
12608.6044921875
12386.552734375
12169.8955078125
11946.662109375
