20000.0
20000.0
20000.0
20000.0
20000.0
20000.0
20000.0
20000.0
20000.0
20000.0
20000.0
20000.0
20000.0
20000.0
20000.0
20000.0
20000.0
20000.0
20000.0
20000.0
20000.0
20000.0
20000.0
20000.0
20000.0
20000.0
20000.0
20000.0
20000.0
20000.0
20000.0
20000.0
20000.0
20000.0
20000.0
20000.0
20000.0
20000.0
20000.0
20000.0
20000.0
20000.0
19999.6015625
19999.619140625
20000.0
19999.97265625
20000.0
19999.970703125
20000.0
20000.0
20000.0
20000.0
20000.005859375
20000.0
20000.001953125
20000.001953125
20000.0
20000.0
20000.0
19999.966796875
20000.0
20000.0
20000.0
20000.0
20000.0
20000.0
20000.0
20000.0
20000.0
20000.0
20000.0
20000.0
20000.0
20000.0
20000.0
20000.0
20000.0
20000.0
20000.0
20000.0
20000.0
20000.0
20000.0
20000.0
20000.0
20000.0
19995.734375
20000.0
20000.0
20000.0
20000.0
19999.98828125
19999.98046875
19999.994140625
19999.97265625
20000.0
20000.0
20000.0
20000.0
20000.0
20000.0
20000.0
20000.0
19715.73828125
19289.2734375
18852.75390625
18438.4921875
18028.60546875
17634.716796875
17268.14453125
16904.08984375
16560.080078125
16207.677734375
15866.9794921875
15565.3310546875
15242.4697265625
14937.9091796875
14628.0556640625
14334.65234375
14037.8623046875
13781.1943359375
13533.08984375
13272.1611328125
13019.2890625
12762.1982421875
