20000.0
20000.0
20000.0
20000.0
20000.0
20000.0
20000.0
20000.0
20000.0
20000.0
20000.0
20000.0
20000.0
20000.0
20000.0
20000.0
20000.0
20000.0
20000.0
20000.0
20000.0
20000.0
20000.0
20000.0
20000.0
20000.0
20000.0
20000.0
20000.0
20000.0
20000.0
19999.994140625
20000.0
20000.0
20000.0
19999.951171875
19999.9921875
20000.0
20000.0
20000.0
20000.0
20000.0
20000.0
20000.0
20000.0
20000.0
20000.0
20000.0
20000.0
20000.0
20000.0
19812.017578125
18459.3125
17185.341796875
15936.6298828125
14847.4658203125
13862.6806640625
13112.8251953125
12432.81640625
11782.609375
11213.3798828125
10690.1806640625
10227.328125
9804.6103515625
9427.900390625
9135.494140625
8849.2255859375
8596.1962890625
8357.4365234375
8144.0517578125
7939.92626953125
7750.13037109375
7572.99267578125
7390.650390625
7205.4755859375
6958.7158203125
6722.9287109375
6515.201171875
6294.94091796875
6092.9462890625
5894.609375
5709.76416015625
5524.857421875
5354.626953125
5195.7412109375
5038.84619140625
4892.69482421875
4747.4189453125
4607.63623046875
4482.30126953125
4346.71923828125
4222.37109375
4100.7119140625
3988.62158203125
3878.00732421875
3771.59228515625
3671.8779296875
3572.57177734375
3480.46533203125
3389.63525390625
3303.033447265625
3228.4560546875
3149.534423828125
3076.8564453125
3006.0205078125
2941.140869140625
2877.051025390625
2815.57275390625
2758.108642578125
2699.9765625
2646.44873046875
2593.43017578125
2542.290771484375
2497.598876953125
2449.8896484375
2405.306884765625
2360.888427734375
2319.361572265625
2277.920654296875
2237.90869140625
2200.465576171875
2163.074462890625
2128.09814453125
2093.165771484375
