20000.0
20000.0
20000.0
20000.0
20000.0
20000.0
20000.0
20000.0
20000.0
20000.0
20000.0
20000.0
20000.0
20000.0
20000.0
20000.0
20000.0
20000.0
20000.0
20000.0
20000.0
20000.0
20000.0
20000.0
20000.0
20000.0
20000.0
20000.0
20000.0
20000.009765625
20000.0
20000.0
20000.0
20000.0
20000.0
20000.0
20000.0
19999.998046875
20000.0
20000.0
20000.0
20000.0
20000.0
20000.0
20000.0
20000.0
20000.0
20000.0
20000.0
20000.0
20000.0
20000.0
20000.0
19999.947265625
18951.751953125
17443.490234375
16269.4501953125
15065.5498046875
14017.337890625
13148.9619140625
12435.9482421875
11764.8818359375
11119.3544921875
10587.955078125
10078.8818359375
9636.322265625
9233.91796875
8882.28515625
8611.7412109375
8338.236328125
8098.7294921875
7871.88134765625
7669.169921875
7475.70947265625
7296.7958984375
7132.52001953125
6972.98876953125
6824.38623046875
6676.626953125
6520.78173828125
6343.03857421875
6158.38525390625
5982.76611328125
5806.88720703125
5644.0849609375
5483.52783203125
5334.35888671875
5196.39794921875
5058.1689453125
4926.79541015625
4793.47705078125
4663.50830078125
4549.17041015625
4426.52294921875
4311.8701171875
4196.50146484375
4084.34423828125
3973.109130859375
3867.431884765625
3769.932861328125
3673.985107421875
3585.22314453125
3496.89306640625
3411.8408203125
3337.617919921875
3258.879638671875
3185.974609375
3113.969482421875
3047.26904296875
2981.25732421875
2917.9130859375
2859.216064453125
2801.311279296875
2747.91162109375
2694.513671875
2643.731201171875
2599.54150390625
2552.319091796875
2508.138916015625
2464.0439453125
2422.72216796875
2381.2353515625
2340.9775390625
2303.195068359375
2265.3671875
2229.82470703125
2194.189697265625
