20000.0
20000.0
20000.0
20000.0
20000.0
20000.0
20000.0
20000.0
20000.0
20000.0
20000.0
20000.0
20000.0
20000.0
20000.0
20000.0
20000.0
20000.0
20000.0
20000.0
20000.0
20000.0
20000.0
20000.0
20000.0
20000.0
20000.0
20000.0
20000.0
20000.0
20000.0
20000.0
20000.0
20000.0
20000.0
20000.0
20000.0
20000.0
20000.0
20000.0
20000.0
20000.001953125
20000.0
19999.92578125
20000.0
19999.978515625
20000.0
20000.0
20000.0
20000.0078125
20000.0
20000.001953125
20000.001953125
20000.0
20000.0
20000.0
20000.0
20000.0
20000.0
20000.0
20000.0
20000.0
20000.0
20000.0
20000.0
20000.0
20000.0
20000.0
20000.0
20000.0
20000.0
19999.998046875
20000.0
20000.0
20000.0
20000.0
20000.0
20000.0
20000.0
20000.0
20000.0
19999.982421875
20000.0
20000.0
20000.0
19999.98828125
19999.998046875
19999.9921875
19999.998046875
20000.0
19999.998046875
19999.998046875
20000.0
20000.0
20000.0
20000.0
20000.0
19999.978515625
19913.17578125
19463.150390625
18999.365234375
18548.845703125
18156.599609375
17740.25390625
17353.720703125
16963.83203125
16590.33203125
16217.4609375
15854.462890625
15512.75390625
15167.7021484375
14840.1982421875
14510.5517578125
14211.6240234375
13955.9892578125
13668.619140625
13389.103515625
13105.1279296875
12837.2041015625
12563.5478515625
12298.2890625
12049.25390625
11799.1435546875
11563.4814453125
11329.50390625
