20000.0
20000.0
20000.0
20000.0
20000.0
20000.0
20000.0
20000.0
20000.0
20000.0
20000.0
20000.0
20000.0
20000.0
20000.0
20000.0
20000.0
20000.0
20000.0
20000.0
20000.0
20000.0
20000.0
20000.0
20000.0
20000.0
20000.0
20000.001953125
20000.0
20000.0
20000.0
20000.0
20000.0
20000.0
20000.0
20000.0
20000.0
20000.0
20000.0
20000.0
20000.0
20000.0
20000.0
20000.0
20000.0
20000.0
20000.0
19999.998046875
20000.0
20000.0
20000.0
19856.5078125
18582.5859375
17136.087890625
16016.3623046875
14866.5537109375
13852.974609375
13007.8916015625
12319.3466796875
11677.5576171875
11053.4716796875
10529.0009765625
10032.3154296875
9596.5537109375
9200.8671875
8849.42578125
8580.830078125
8311.70703125
8075.01171875
7851.09814453125
7651.31591796875
7460.80712890625
7284.53515625
7125.6201171875
6969.240234375
6825.7626953125
6682.07763671875
6543.5478515625
6393.5869140625
6208.16162109375
6035.97705078125
5861.59423828125
5698.6328125
5537.5458984375
5383.38330078125
5247.1923828125
5109.44921875
4979.3759765625
4847.07763671875
4717.369140625
4603.12451171875
4480.14453125
4364.73876953125
4249.6484375
4140.04541015625
4026.8603515625
3918.999755859375
3819.672607421875
3721.85107421875
3631.567138671875
3542.312744140625
3456.122314453125
3380.747802734375
3300.32373046875
3225.662841796875
3151.865966796875
3083.475830078125
3015.789306640625
2950.947265625
2890.577880859375
2830.955322265625
2775.97021484375
2722.0595703125
2670.44287109375
2624.956787109375
2576.031005859375
2530.678955078125
2485.497802734375
2443.238525390625
2400.937255859375
2359.810791015625
2321.19970703125
2282.5390625
2246.256103515625
2209.887939453125
