20000.0
20000.0
20000.0
20000.0
20000.0
20000.0
20000.0
20000.0
20000.0
20000.0
20000.0
20000.0
20000.0
20000.0
20000.0
20000.0
20000.0
20000.0
20000.0
20000.0
20000.0
20000.0
20000.0
20000.0
20000.0
20000.0
20000.0
20000.0
20000.0
20000.0
20000.0
19999.982421875
20000.0
20000.0
20000.0
20000.0
20000.0
20000.0
20000.0
20000.0
20000.0
20000.0
20000.0
20000.0
20000.0
20000.0
20000.0
20000.0
20000.0
20000.0
20000.0
20000.0
19111.62109375
17817.880859375
16635.345703125
15469.0224609375
14439.8134765625
13499.4150390625
12790.0537109375
12145.779296875
11530.8818359375
10978.1962890625
10476.8974609375
10029.4013671875
9615.7900390625
9248.529296875
8954.94921875
8677.1083984375
8430.2998046875
8198.2802734375
7991.4951171875
7793.84375
7610.615234375
7445.17822265625
7281.5078125
7123.28125
6962.40625
6745.3564453125
6551.8046875
6340.07470703125
6142.44091796875
5948.005859375
5769.41650390625
5592.482421875
5422.58056640625
5269.81396484375
5116.27978515625
4972.859375
4829.8623046875
4691.58984375
4570.849609375
4441.79296875
4316.7705078125
4191.7392578125
4077.096435546875
3964.458251953125
3856.97705078125
3757.5126953125
3658.356201171875
3565.4501953125
3473.09375
3384.719482421875
3308.062255859375
3227.204833984375
3152.251953125
3078.0556640625
3009.5166015625
2942.273193359375
2878.824462890625
2820.142578125
2761.880126953125
2707.5810546875
2653.495361328125
2601.3701171875
2554.837646484375
2505.6513671875
2459.72412109375
2413.958251953125
2371.15380859375
2328.442626953125
2287.181396484375
2248.535888671875
2209.90576171875
2173.7197265625
2137.540771484375
