25400.0
25365.900390625
24635.41796875
24490.76171875
23408.515625
22697.478515625
22405.0546875
22689.9296875
23690.974609375
24363.880859375
24572.1171875
24661.31640625
24726.591796875
24794.353515625
24860.234375
24920.96875
24976.875
25027.015625
25065.482421875
25102.212890625
25129.625
25149.93359375
25179.638671875
25204.77734375
25220.765625
25231.474609375
25239.875
25245.140625
25277.001953125
25427.52734375
25806.306640625
27471.279296875
30785.833984375
35438.60546875
40479.85546875
45519.5546875
49886.515625
53510.015625
56977.8203125
60471.6015625
64599.68359375
69595.9609375
75002.53125
81713.625
89204.7421875
98039.890625
105977.328125
111156.421875
113760.890625
115982.9609375
117730.1796875
119037.9609375
120226.6796875
120968.828125
121319.671875
121334.703125
121303.1953125
121492.40625
121468.375
121267.7890625
120944.171875
120534.375
120054.6484375
120029.828125
119926.3828125
119730.7578125
119493.8125
119158.421875
118821.5546875
118460.546875
118105.2265625
117729.9765625
117330.953125
116932.875
116517.0859375
116111.6328125
115707.703125
115330.1328125
115139.4921875
114874.0703125
114567.109375
114224.546875
113886.875
113888.0234375
113645.9140625
113277.3046875
112833.703125
112416.6640625
112094.859375
111739.5546875
111351.7265625
111097.875
110927.8125
110760.2578125
110624.703125
110456.9140625
110229.6328125
109965.046875
109711.328125
109530.1875
109351.7734375
109257.625
109216.296875
109192.65625
109183.953125
109169.0625
109142.59375
109091.2734375
109015.0
108940.296875
108868.4765625
108806.4609375
108730.4453125
108640.5
108546.9296875
108377.3828125
108217.71875
108053.1796875
107892.703125
107725.546875
107560.359375
107405.8671875
107274.25
107174.5625
107095.1484375
