25400.0
25318.328125
24657.419921875
24845.890625
24111.705078125
23262.693359375
22738.119140625
22588.712890625
22641.10546875
22797.048828125
23395.26953125
24175.125
24506.619140625
24648.787109375
24740.015625
24812.947265625
24876.822265625
24922.712890625
24967.8203125
25027.865234375
25081.796875
25121.4375
25150.875
25174.658203125
25192.416015625
25215.5
25336.849609375
25785.408203125
27373.791015625
31387.779296875
37458.76953125
44023.75390625
49874.0234375
55338.13671875
59821.19921875
63863.6796875
67179.8203125
70058.8203125
73080.7265625
77042.609375
81642.640625
87596.3828125
94805.8046875
103107.484375
111676.1640625
118797.7109375
120542.09375
122407.59375
123651.546875
124532.7421875
125067.0546875
125456.6328125
125455.5078125
125101.8125
124507.9609375
123902.0390625
123617.625
123144.328125
122633.828125
122512.2578125
122233.71875
121786.1640625
121294.34375
120892.6640625
120484.046875
120059.4296875
119586.2109375
119115.8984375
118687.59375
118206.359375
117721.25
117198.734375
116669.3046875
116126.2890625
115694.765625
115596.234375
115515.078125
115139.09375
114612.8671875
114015.34375
113562.078125
113110.4296875
112598.625
112080.8203125
111781.125
111484.1171875
111222.84375
110963.8828125
110656.046875
110368.2421875
110157.734375
110005.8828125
109906.5703125
109837.7890625
109783.9296875
109684.6953125
109560.0859375
109499.6015625
109490.296875
109504.6484375
109513.390625
109500.4921875
109457.78125
109376.0078125
109295.4921875
109207.7109375
109117.4765625
109007.40625
108890.1015625
108729.53125
108538.5859375
108354.1875
108159.125
107959.5625
107746.09375
107538.296875
107354.9765625
107158.9375
106998.7109375
106865.796875
106758.453125
106665.265625
106586.046875
106856.6875
107119.0234375
107331.9609375
107538.2578125
