25400.0
25172.07421875
24585.111328125
23798.30859375
23111.95703125
22660.447265625
22590.5390625
23027.478515625
23862.015625
24415.322265625
24620.83984375
24733.818359375
24818.060546875
24877.1328125
24933.744140625
24979.943359375
25033.05859375
25086.701171875
25121.4609375
25150.837890625
25187.033203125
25392.767578125
26143.2890625
29169.0234375
35223.96484375
42512.67578125
50588.9921875
57179.453125
63075.30078125
67819.7421875
71575.9296875
74901.0
77891.515625
80830.7890625
83703.328125
87588.0390625
92530.640625
99124.3046875
106816.3828125
113962.828125
115760.2265625
117495.9921875
118834.6015625
120024.265625
120699.5390625
121107.5625
121429.3515625
121467.9375
121130.75
120627.4921875
120072.1171875
119793.078125
119467.90625
119564.53125
119454.8515625
119147.2734375
118775.828125
118422.890625
118104.5
117788.953125
117426.5234375
117058.6015625
116656.28125
116241.015625
115777.9296875
115293.59375
114838.796875
114345.8046875
114072.1796875
114053.9375
113867.0859375
113439.078125
112952.296875
112423.8984375
112022.9921875
111566.421875
111007.5625
110641.859375
110378.609375
110093.84375
109857.7890625
109598.3984375
109371.5703125
109168.0078125
109021.109375
108962.453125
108935.28125
108818.90625
108696.921875
108642.375
108628.9140625
108625.0234375
108612.1484375
108592.4375
108526.640625
108448.8359375
108375.453125
108303.9375
108206.125
108086.4375
107897.2734375
107703.7890625
107529.34375
107335.6484375
107142.9140625
106948.265625
106787.9296875
106658.9921875
106555.1328125
106472.234375
106489.703125
106818.578125
107078.0234375
107313.8984375
107510.7890625
107698.0546875
107880.9765625
108152.3828125
108512.484375
108830.1328125
109117.234375
109362.078125
109590.859375
109790.359375
109972.5078125
