25400.0
25231.7578125
24553.09765625
23818.900390625
23148.615234375
22671.380859375
22582.484375
22690.900390625
22946.5
23747.359375
24376.41015625
24591.095703125
24701.255859375
24783.412109375
24853.181640625
24922.369140625
24976.251953125
25035.537109375
25100.0625
25137.830078125
25167.505859375
25189.892578125
25207.01953125
25229.173828125
25365.419921875
25913.669921875
27925.99609375
32627.115234375
38536.6875
45421.23828125
51337.47265625
55857.1875
60326.8984375
64117.50390625
67814.65625
73032.15625
79006.359375
86763.78125
95118.125
105797.7734375
115291.28125
119439.578125
121753.0859375
123226.65625
124317.8046875
125120.8828125
125488.8046875
125397.03125
124863.4609375
124308.125
124022.9296875
123523.25
122923.8125
122729.7734375
122385.625
121923.1953125
121485.1640625
121065.5859375
120574.671875
120057.1484375
119531.796875
119000.125
118471.6484375
117905.375
117340.2734375
116726.828125
116133.9140625
115914.625
115885.796875
115523.1171875
114947.609375
114294.9140625
113767.8671875
113234.1640625
112607.2578125
112201.0078125
111880.6484375
111573.1484375
111273.3671875
110966.140625
110668.671875
110439.8515625
110269.078125
110139.125
110043.0625
109964.234375
109803.2734375
109722.984375
109708.71875
109727.921875
109744.34375
109739.9375
109682.875
109586.625
109481.75
109383.453125
109260.9453125
109120.09375
108960.890625
108747.4609375
108541.6328125
108324.640625
108091.5078125
107871.6875
107633.328125
107410.328125
107190.90625
106999.671875
106844.0
106717.2109375
106614.140625
106524.7265625
106826.796875
107089.1328125
107328.546875
107526.609375
107714.890625
107971.484375
108345.84375
108669.1640625
108970.7890625
109251.078125
109501.140625
109734.9921875
109936.9765625
110118.921875
