25400.0
25386.068359375
24747.435546875
24857.880859375
24269.1328125
23408.01171875
22790.984375
22568.4140625
22704.86328125
23193.55859375
23972.068359375
24435.6640625
24616.46875
24711.03515625
24781.0703125
24844.318359375
24897.451171875
24945.119140625
24978.892578125
25014.9609375
25073.095703125
25111.904296875
25141.544921875
25163.599609375
25182.96875
25198.248046875
25240.400390625
25457.498046875
26090.5859375
28470.078125
33143.5234375
38642.67578125
44995.04296875
50839.9140625
55982.5625
60349.171875
64143.67578125
67458.5078125
70134.671875
72656.765625
74974.1640625
77517.203125
80666.25
83944.3828125
88942.125
94848.5234375
101551.71875
109767.2734375
117291.1640625
119810.234375
121386.71875
122848.34375
123827.4140625
124478.515625
124972.3984375
125225.265625
125178.7109375
124772.6640625
124291.15625
123925.5703125
123645.546875
123215.1015625
122693.6796875
122166.0546875
121959.734375
121581.0
121250.8515625
120931.21875
120552.125
120151.828125
119715.515625
119304.1171875
118878.984375
118439.5078125
117992.9921875
117518.46875
117058.25
116572.1953125
116083.71875
115655.765625
115475.5
115549.3984375
115358.109375
114977.5625
114498.1875
113993.171875
113472.125
113041.8359375
112561.578125
112025.296875
111660.875
111428.921875
111162.7734375
110951.9296875
110770.171875
110597.6015625
110369.46875
110178.7109375
110064.4140625
110011.6484375
109947.40625
109800.71875
109687.046875
109629.765625
109599.953125
109583.6953125
109564.6015625
109541.3359375
109483.8828125
109412.03125
109346.421875
109281.6171875
109208.8359375
109109.109375
108987.0078125
108820.3984375
108633.859375
108459.1015625
108287.65625
108120.09375
107948.2109375
107818.6875
107715.890625
107628.734375
107557.1953125
107550.1015625
