25400.0
25062.2734375
24711.19140625
24219.638671875
22937.67578125
22758.947265625
24052.263671875
24633.650390625
24756.15234375
24791.654296875
24830.1640625
24879.142578125
24926.841796875
24978.916015625
25025.666015625
25068.189453125
25106.189453125
25134.802734375
25160.830078125
25182.416015625
25199.94921875
25208.26953125
25217.197265625
25241.865234375
25343.5625
25754.970703125
27621.0625
31378.849609375
36426.484375
41778.09375
46908.51953125
51281.4375
55071.71484375
58932.0625
63619.67578125
69525.8046875
76065.078125
84002.75
93471.6015625
98759.921875
102002.453125
105068.140625
107792.9375
109847.0
111682.4765625
112952.5234375
113728.4609375
114445.6328125
115144.8671875
115523.71875
115650.984375
115607.9375
115555.671875
115388.1171875
115146.75
115238.234375
115241.1484375
115160.484375
114978.6015625
114720.078125
114440.4765625
114138.5078125
113842.453125
113553.0390625
113493.0703125
113353.2265625
113125.8671875
112820.703125
112480.4375
112132.203125
111788.7734375
111473.7890625
111183.0078125
110898.9765625
110664.7890625
110429.2265625
110249.0234375
110280.8203125
110079.875
109913.546875
109640.9375
109265.9765625
108872.6015625
108702.875
108550.171875
108562.0703125
108611.625
108643.359375
108598.2421875
108588.5859375
108495.390625
108391.0546875
108251.0234375
108093.8359375
107900.0625
107720.234375
107602.140625
107515.203125
107454.25
107673.734375
108094.3515625
108364.8515625
108600.5859375
108834.6953125
109053.1015625
109233.59375
109384.5625
109512.734375
109604.8046875
109671.7265625
109723.3984375
109766.359375
109918.296875
110180.4296875
110435.9609375
110651.6640625
110845.2109375
111022.3125
111250.0546875
111422.703125
111552.703125
111654.9453125
111731.59375
111790.65625
