25400.0
25084.7421875
24625.365234375
24004.173828125
22944.904296875
22468.396484375
22703.263671875
23888.46875
24531.4375
24757.505859375
24757.81640625
24778.875
24820.478515625
24870.45703125
24919.708984375
24973.349609375
25020.302734375
25063.279296875
25101.11328125
25130.18359375
25156.564453125
25178.7265625
25196.44921875
25209.947265625
25220.80078125
25241.896484375
25297.08203125
25557.7890625
26793.33984375
29731.6640625
34456.35546875
39377.10546875
44754.64453125
49282.2109375
53124.2109375
56971.24609375
61132.375
66105.53125
72092.84375
79176.6171875
87742.3984375
96717.78125
102685.921875
105803.484375
108869.796875
111137.390625
113123.953125
114517.9609375
115363.6640625
116231.1015625
116874.046875
117165.015625
117211.6796875
117205.0546875
117045.953125
116774.171875
116425.8359375
116023.921875
115940.0546875
115784.5390625
115531.5078125
115231.828125
114916.2890625
114596.4453125
114364.734375
114280.2421875
114073.125
113783.515625
113432.515625
113106.4453125
112756.7109375
112446.5078125
112143.984375
111838.4921875
111561.1328125
111370.875
111143.25
110900.359375
110828.1796875
110637.5390625
110390.8046875
109967.671875
109502.234375
109371.6484375
109517.0078125
109691.046875
109782.4296875
109777.3671875
109698.2109375
109618.125
109530.515625
109437.0546875
109277.2265625
109106.390625
108976.453125
108879.21875
109201.0234375
109582.1171875
109817.75
110014.84375
110224.1484375
110421.7109375
110584.90625
110710.3828125
110813.015625
110872.71875
110905.9296875
110927.5234375
110942.71875
110948.296875
110960.234375
111076.4765625
111315.7890625
111524.515625
111773.515625
111950.4921875
112104.5546875
112225.09375
112325.90625
112403.234375
112464.078125
112507.84375
112541.375
112580.7890625
112612.21875
112630.7890625
