25400.0
24917.125
24823.00390625
24194.7265625
22883.11328125
22924.978515625
25248.0546875
25070.66796875
25023.23046875
24838.0234375
24772.443359375
24759.587890625
24782.5703125
24820.65625
24863.73046875
24905.861328125
24954.361328125
24999.828125
25035.712890625
25070.615234375
25098.08984375
25121.439453125
25140.28125
25179.41015625
25315.21875
25973.7734375
27876.828125
31620.7109375
36893.13671875
42807.65234375
47841.00390625
52571.90625
56588.90234375
60617.28515625
63974.4140625
68529.109375
74230.5234375
78309.71875
81697.140625
85611.1484375
88896.15625
91894.234375
94503.2421875
97295.453125
99569.65625
101521.0625
103327.2734375
104792.359375
105898.3203125
106651.8828125
107420.375
108287.1875
108902.5703125
109311.3515625
109545.234375
109710.3671875
109875.234375
110356.3671875
110744.828125
111020.375
111211.265625
111317.8671875
111335.828125
111285.6484375
111155.2265625
110988.1953125
110818.0625
110626.7109375
110454.515625
110461.1484375
110408.0
110289.2734375
110091.875
109868.328125
109630.125
109414.1484375
109208.3984375
109011.5
108841.8046875
108670.9296875
108561.296875
108422.453125
108282.03125
108140.921875
107986.4609375
107815.5
107613.1328125
107390.9609375
107178.0625
106927.4296875
106684.890625
106443.625
106308.0625
106179.234375
106052.625
105980.8125
105979.375
105926.578125
105866.1171875
105904.7890625
106024.8359375
106101.2265625
106102.1796875
106036.6484375
105949.3359375
105898.0390625
105870.8046875
105848.7265625
106152.984375
106537.71875
106816.984375
107000.5390625
107208.1640625
107408.5546875
107569.2421875
107718.3515625
107839.671875
107945.2265625
108025.53125
108082.5546875
108210.625
108451.6484375
108728.1171875
108978.546875
109221.6171875
