25400.0
25058.201171875
24617.189453125
23955.4140625
22883.40625
22458.673828125
22874.4921875
24339.794921875
24849.310546875
24861.15234375
24805.6640625
24765.337890625
24778.41015625
24821.119140625
24873.328125
24922.505859375
24974.5078125
25020.91015625
25062.619140625
25098.220703125
25121.353515625
25145.599609375
25166.859375
25184.5703125
25197.025390625
25207.1171875
25237.380859375
25348.310546875
25915.935546875
27894.419921875
31843.1953125
36967.93359375
42411.98828125
47623.69140625
51980.7109375
56247.0078125
61199.48046875
66811.3046875
73912.5546875
81487.015625
91088.90625
95638.640625
98998.203125
102291.0
105026.046875
107420.3515625
109317.5546875
111024.640625
112174.9765625
112898.328125
113369.71875
114093.234375
114531.9453125
114731.3203125
114754.671875
114626.0078125
114545.65625
114800.5
114996.03125
115033.8828125
114970.28125
114840.2578125
114645.6640625
114388.296875
114088.2421875
113786.7578125
113476.4609375
113193.4765625
112963.7109375
112893.203125
112712.6171875
112468.890625
112185.0625
111850.34375
111510.078125
111195.9765625
110874.171875
110566.171875
110262.984375
109971.296875
109746.8984375
109498.2109375
109247.171875
109192.7109375
109156.4296875
108966.3984375
108697.8515625
108520.6796875
108382.6328125
108233.0625
108100.8359375
108015.3359375
107916.09375
107824.75
107764.1171875
107737.7734375
107692.203125
107655.671875
107615.4296875
107548.1484375
107453.296875
107306.5234375
107129.3984375
106945.40625
106793.1796875
106654.296875
106562.1171875
106497.40625
106454.0546875
106562.40625
106963.390625
107255.28125
107514.0078125
107753.734375
107972.109375
108156.640625
108296.4375
108424.6015625
108531.4921875
108733.484375
109060.609375
109361.2109375
109634.578125
109875.6640625
110099.1328125
110286.8984375
110454.6171875
