20000.0
20000.0
20000.0
20000.0
20000.0
20000.0
20000.0
20000.0
20000.0
20000.0
20000.0
20000.0
20000.0
20000.0
20000.0
20000.0
20000.0
20000.0
20000.0
20000.0
20000.0
20000.0
20000.0
20000.0
19999.93359375
20000.00390625
19999.697265625
20000.0
20000.0
20000.0
19999.994140625
19999.990234375
20000.0
19999.98046875
20000.0
20000.0
20000.0
20000.0
20000.0
20000.0
20000.0
20000.0
20000.0
20000.0
20000.0
19999.998046875
20000.0
20000.0
20000.0
20000.0
19999.9765625
20000.0
20000.0
20000.0
20000.0
20000.0
19630.03515625
18925.5859375
18230.375
17570.287109375
16974.462890625
16402.251953125
15885.837890625
15382.080078125
14900.0302734375
14488.8046875
14059.3359375
13661.19140625
13280.33203125
12941.3779296875
12592.5322265625
12251.302734375
11931.46484375
11614.3984375
11316.7880859375
11020.296875
10731.212890625
10486.2158203125
10227.5732421875
9987.302734375
9749.8037109375
9531.86328125
9317.9775390625
9114.2646484375
8927.2451171875
8743.640625
8576.0869140625
8398.7783203125
8229.5966796875
8084.75732421875
7932.955078125
7792.39990234375
7652.9775390625
7524.033203125
7395.828125
7271.234375
7153.98974609375
7036.44482421875
6931.1953125
6830.46142578125
6732.60595703125
6644.658203125
6539.43212890625
6430.72705078125
6321.54345703125
6221.1767578125
6122.79248046875
6029.32421875
5942.89208984375
5857.5703125
5779.53857421875
5703.8037109375
5632.56591796875
5576.5322265625
5517.93408203125
5462.87158203125
5407.52587890625
5357.95947265625
5307.71533203125
5258.7470703125
5212.38525390625
5165.53369140625
5121.2275390625
5077.2626953125
