20000.0
20000.0
20000.0
20000.0
20000.0
20000.0
20000.0
20000.0
20000.0
20000.0
20000.0
20000.0
20000.0
20000.0
20000.0
20000.0
20000.0
20000.0
20000.0
20000.0
20000.0
20000.0
20000.0
20000.0
20000.0
20000.0
20000.0
20000.0
20000.0
19999.99609375
20000.0
19999.998046875
20000.0
19999.998046875
20000.0
20000.0
20000.0
20000.0
20000.0
20000.0
19999.998046875
19999.998046875
20000.0
19611.173828125
18387.62109375
17384.197265625
16526.140625
15741.2412109375
14979.35546875
14304.9404296875
13773.4140625
13283.0048828125
12848.904296875
12437.87890625
12050.3955078125
11687.904296875
11291.7822265625
10990.10546875
10609.6748046875
10256.2216796875
9958.482421875
9682.2880859375
9431.5810546875
9175.7890625
8928.78515625
8666.5205078125
8430.673828125
8233.5009765625
8032.42626953125
7859.462890625
7699.046875
7551.30419921875
7399.8310546875
7246.5517578125
7098.83154296875
6948.56689453125
6807.71923828125
6681.74755859375
6556.8544921875
6443.3251953125
6319.76611328125
6206.35009765625
6098.7265625
6000.7548828125
5904.7265625
5814.0546875
5731.82666015625
5656.97119140625
5588.03857421875
5518.626953125
5452.4111328125
5395.84130859375
5336.0830078125
5281.0224609375
5226.9970703125
5177.294921875
5128.21240234375
5081.3359375
5037.90771484375
4995.0546875
4955.513671875
4916.6572265625
4879.30419921875
4846.48779296875
4810.787109375
4775.52099609375
4736.7099609375
4697.5810546875
4655.98046875
4613.4384765625
4538.84326171875
4455.88037109375
4376.265625
4294.57861328125
4213.79833984375
4142.0498046875
4064.270263671875
3989.991455078125
3913.28076171875
3838.844970703125
3762.18310546875
3686.22705078125
3613.80078125
3540.3623046875
3470.738037109375
3400.23828125
