20000.0
20000.0
20000.0
20000.0
20000.0
20000.0
20000.0
20000.0
20000.0
20000.0
20000.0
20000.0
20000.0
20000.0
20000.0
20000.0
20000.0
20000.0
20000.0
20000.0
20000.0
20000.0
20000.0
20000.0
20000.0
20000.0
20000.0
20000.0
20000.0
20000.0
20000.0
20000.001953125
20000.0
20000.0
20000.0
19999.9921875
19999.998046875
19999.736328125
19999.982421875
20000.0
20000.0
20000.0
20000.0
20000.0
20000.0
20000.0
20000.0
20000.0
20000.0
19082.099609375
18146.119140625
17310.947265625
16599.79296875
15958.0595703125
15295.23828125
14716.1064453125
14181.154296875
13752.310546875
13342.7998046875
12962.828125
12620.78125
12285.2626953125
11965.95703125
11590.9033203125
11289.5498046875
11055.5859375
10758.4990234375
10433.9169921875
10152.638671875
9924.9130859375
9696.53125
9479.82421875
9270.107421875
9051.671875
8834.037109375
8621.8134765625
8429.9326171875
8265.7490234375
8095.20703125
7945.12109375
7805.04052734375
7679.27734375
7552.3046875
7424.75830078125
7299.5673828125
7170.51123046875
7046.72119140625
6921.130859375
6802.77294921875
6707.17333984375
6601.62255859375
6498.4345703125
6392.302734375
6292.92578125
6196.193359375
6106.30810546875
6023.224609375
5941.3828125
5865.5693359375
5791.28955078125
5722.36962890625
5666.1826171875
5606.10888671875
5549.07275390625
5491.69921875
5439.16064453125
5387.3046875
5337.48095703125
5291.13818359375
5245.2197265625
5202.4892578125
5160.10498046875
5119.3642578125
5083.880859375
5046.046875
5010.744140625
4975.75439453125
4943.19775390625
4911.0869140625
4880.06494140625
4850.84130859375
4821.201171875
4792.900390625
4763.25537109375
