20000.0
20000.0
20000.0
20000.0
19999.998046875
20000.0
20000.0
20000.0
20000.0
20000.0
20000.0
20000.0
20000.0
20000.0
20000.0
20000.0
20000.0
20000.0
20000.0
20000.0
20000.0
20000.0
20000.0
20000.0
20000.0
20000.0
20000.0
20000.0
20000.0
20000.0
20000.0
20000.0
20000.0
20000.0
20000.001953125
20000.0
20000.0
20000.0
20000.0
20000.0
20000.0
20000.0
20000.0
19999.998046875
20000.0
20000.0
19788.853515625
18673.166015625
17731.322265625
16941.923828125
16140.5810546875
15453.90625
14817.6806640625
14238.5595703125
13762.64453125
13332.5439453125
12942.609375
12566.849609375
12231.5263671875
11911.0517578125
11610.353515625
11242.6123046875
10868.22265625
10570.462890625
10310.197265625
10077.49609375
9869.294921875
9647.7392578125
9412.6513671875
9178.5283203125
8960.7919921875
8754.98828125
8565.0224609375
8390.611328125
8219.4140625
8066.4873046875
7918.1728515625
7771.49609375
7641.01806640625
7501.21484375
7368.55810546875
7234.521484375
7120.701171875
7005.5810546875
6888.57275390625
6775.3583984375
6661.95361328125
6558.75244140625
6459.54443359375
6366.0849609375
6284.97998046875
6199.10302734375
6119.3935546875
6045.17236328125
5978.70947265625
5911.58740234375
5845.8056640625
5785.55322265625
5726.22998046875
5671.4072265625
5617.05419921875
5564.93359375
5519.59619140625
5471.337890625
5426.34375
5381.65185546875
5339.607421875
5297.1611328125
5255.35595703125
5213.37744140625
5167.6650390625
5121.91796875
5073.56396484375
5024.728515625
4944.4482421875
4847.228515625
4752.83740234375
4656.46142578125
4571.5458984375
4486.6787109375
4405.08642578125
4328.14013671875
4248.9521484375
4172.1572265625
4092.739501953125
