20000.0
20000.0
20000.0
20000.0
20000.0
20000.0
20000.0
20000.0
20000.0
20000.0
20000.0
20000.0
20000.0
20000.0
20000.0
20000.0
20000.0
20000.0
20000.0
20000.0
20000.0
20000.0
20000.0
20000.0
20000.0
20000.0
20000.0
20000.0
20000.0
20000.0
20000.0
20000.0
20000.0
20000.0
20000.0
19999.998046875
20000.0
19999.998046875
20000.0
20000.0
20000.0
20000.0
20000.0
20000.01171875
20000.0
19999.998046875
20000.0
20000.0
20000.0
20000.0
20000.0
20000.0
20000.0
20000.0
19041.998046875
18136.634765625
17384.716796875
16692.515625
15992.71875
15385.4521484375
14816.0341796875
14310.4287109375
13837.1044921875
13441.6533203125
13079.4677734375
12728.46484375
12413.4921875
12112.025390625
11829.0107421875
11588.09375
11292.93359375
11054.9130859375
10729.5244140625
10441.8623046875
10194.041015625
9978.732421875
9775.6630859375
9559.421875
9350.703125
9141.8115234375
8942.41015625
8776.517578125
8607.380859375
8451.13671875
8295.078125
8152.64306640625
8014.45947265625
7877.81494140625
7749.4970703125
7620.18994140625
7498.0927734375
7374.99609375
7267.2001953125
7173.0166015625
7067.0234375
6963.484375
6857.79833984375
6759.78515625
6665.07275390625
6576.02392578125
6493.8515625
6412.17919921875
6336.28369140625
6261.27294921875
6192.2490234375
6134.29443359375
6071.5732421875
6012.04638671875
5953.076171875
5898.53955078125
5844.423828125
5792.44384765625
5744.06591796875
5695.83203125
5650.78515625
5605.5849609375
5561.45654296875
5522.162109375
5478.3037109375
5433.3291015625
5384.994140625
5337.11669921875
5286.76025390625
5221.47900390625
5125.27734375
5027.74365234375
4933.66552734375
4837.88623046875
