20000.0
20000.0
20000.0
20000.0
20000.0
20000.0
20000.0
20000.0
20000.0
20000.0
20000.0
20000.0
20000.0
20000.0
20000.0
20000.0
20000.0
20000.0
20000.0
20000.0
20000.0
20000.0
20000.0
20000.0
20000.0
20000.0
20000.0
20000.0
20000.0
20000.0
19999.99609375
20000.0
19999.931640625
20000.0
20000.0
20000.0
20000.0
19999.994140625
20000.0
20000.0
19999.95703125
20000.0
20000.0
20000.0
20000.0
20000.0
20000.0
20000.0
20000.0
20000.0
20000.0
20000.0
19817.82421875
18795.060546875
17872.044921875
17061.732421875
16449.408203125
15812.982421875
15196.7802734375
14611.013671875
14108.94140625
13680.126953125
13284.0107421875
12926.6796875
12583.7666015625
12273.298828125
11964.5146484375
11622.7099609375
11332.1640625
11072.2451171875
10816.173828125
10485.4365234375
10213.7138671875
9981.0107421875
9755.3671875
9552.6416015625
9343.59765625
9145.369140625
8940.5546875
8731.7568359375
8560.8505859375
8385.154296875
8222.4189453125
8066.59033203125
7929.31591796875
7798.20263671875
7672.98193359375
7554.30419921875
7432.01416015625
7311.2607421875
7186.953125
7065.2744140625
6959.95703125
6858.08349609375
6761.74658203125
6661.228515625
6563.80419921875
6465.3603515625
6371.763671875
6287.197265625
6204.86474609375
6128.1025390625
6051.52978515625
5978.50390625
5916.1943359375
5854.5654296875
5797.43603515625
5739.27880859375
5684.1279296875
5629.9560546875
5578.47216796875
5530.68359375
5483.291015625
5439.25732421875
5395.533203125
5353.45947265625
5316.7353515625
5277.56982421875
5240.611328125
5203.2021484375
5167.5400390625
5129.79541015625
5090.00244140625
5050.13720703125
5008.26953125
4967.2451171875
4917.67919921875
