20000.0
19999.99609375
20000.0
20000.0
20000.0
20000.0
20000.0
20000.0
20000.0
20000.0
20000.0
20000.0
20000.0
20000.0
20000.0
20000.0
20000.0
20000.0
20000.0
20000.0
20000.0
20000.0
20000.0
20000.0
20000.0
20000.0
20000.0
20000.0
20000.0
20000.0
20000.0
20000.0
20000.0
20000.0
20000.0
19999.96875
20000.0
19999.974609375
20000.0
20000.0
19999.998046875
20000.0
19999.998046875
20000.0
19772.2421875
18584.669921875
17610.873046875
16787.427734375
15998.107421875
15265.3779296875
14618.521484375
14054.44921875
13521.455078125
13041.71484375
12641.8955078125
12275.6259765625
11970.611328125
11657.1767578125
11372.9833984375
11096.697265625
10846.5673828125
10557.3505859375
10240.6005859375
9967.3994140625
9724.919921875
9518.6064453125
9304.9130859375
9104.5849609375
8917.443359375
8714.4580078125
8528.8701171875
8355.2216796875
8197.1591796875
8036.56884765625
7875.0009765625
7727.9541015625
7585.91845703125
7455.0771484375
7331.21728515625
7217.9501953125
7115.4716796875
7000.03271484375
6889.33349609375
6779.939453125
6681.58642578125
6586.3232421875
6495.4375
6410.39501953125
6326.39306640625
6250.76171875
6180.1962890625
6111.08984375
6050.46240234375
5986.982421875
5927.3466796875
5868.62548828125
5813.8125
5758.5166015625
5703.93994140625
5647.85400390625
5586.83984375
5525.712890625
5461.0986328125
5346.12451171875
5236.751953125
5113.986328125
4997.4375
4880.91162109375
4772.400390625
4664.73046875
4567.06591796875
4473.5791015625
4378.3154296875
4287.072265625
4194.09765625
4102.73388671875
4021.906005859375
3934.404541015625
3851.545654296875
3767.13623046875
3683.720947265625
3599.87255859375
3519.201171875
3443.826416015625
3368.24951171875
3297.1611328125
3225.69873046875
