20000.0
20000.0
20000.0
20000.0
20000.0
20000.0
20000.0
20000.0
20000.0
20000.0
20000.0
20000.0
20000.0
20000.0
20000.0
20000.0
20000.0
20000.0
20000.0
20000.0
20000.0
20000.0
20000.0
20000.0
20000.0
20000.0
20000.0
20000.0
20000.0
20000.0
20000.0
20000.0
20000.0
20000.0
20000.0
20000.0
20000.0
19999.994140625
19999.71875
19999.998046875
20000.0
20000.0
19446.828125
18390.390625
17499.265625
16654.673828125
15878.5322265625
15197.859375
14604.6279296875
14034.626953125
13524.0458984375
13053.3828125
12675.623046875
12360.6650390625
12036.591796875
11742.8876953125
11458.5078125
11202.0234375
10902.4482421875
10564.431640625
10280.5302734375
10041.08984375
9836.861328125
9612.4931640625
9411.853515625
9224.94921875
9024.4921875
8834.8642578125
8653.240234375
8490.3330078125
8322.1767578125
8158.73291015625
8008.23193359375
7859.9833984375
7729.79833984375
7607.7392578125
7486.21240234375
7375.63916015625
7255.7890625
7145.41357421875
7040.23583984375
6943.2724609375
6846.70751953125
6753.3505859375
6666.890625
6586.6171875
6514.5302734375
6442.1181640625
6373.25048828125
6313.07275390625
6247.84326171875
6183.41455078125
6111.63134765625
6039.08349609375
5961.90625
5841.24365234375
5703.63037109375
5560.90673828125
5425.3642578125
5290.1923828125
5160.662109375
5048.2021484375
4926.92138671875
4811.2275390625
4696.5966796875
4593.130859375
4489.11181640625
4388.140625
4292.7724609375
4196.58251953125
4105.287109375
4010.734130859375
3916.163818359375
3833.492919921875
3745.317626953125
3662.760498046875
3579.85791015625
3501.79638671875
3423.187744140625
3345.43994140625
3271.284423828125
3196.188232421875
3125.125244140625
3053.5869140625
