20000.0
20000.0
20000.0
20000.0
20000.0
20000.0
20000.0
20000.0
20000.0
20000.0
20000.0
20000.0
20000.0
20000.0
20000.0
20000.0
20000.0
20000.0
20000.0
20000.0
20000.0
20000.0
20000.0
20000.0
20000.0
20000.0
20000.0
20000.0
20000.0
19999.97265625
19999.990234375
20000.0
20000.0
19999.998046875
19999.998046875
20000.005859375
20000.0
20000.0
20000.0
20000.0
19999.998046875
20000.0
19716.021484375
18552.0859375
17598.099609375
16778.75390625
16027.298828125
15302.669921875
14665.8369140625
14111.4072265625
13590.119140625
13110.1728515625
12675.9208984375
12317.642578125
12017.6083984375
11710.078125
11431.3896484375
11160.6220703125
10913.4609375
10674.873046875
10449.1494140625
10180.3662109375
9899.3056640625
9656.294921875
9455.408203125
9254.2373046875
9082.37109375
8897.7705078125
8720.2861328125
8539.6923828125
8372.626953125
8214.6875
8061.41259765625
7914.04638671875
7767.72802734375
7633.68408203125
7501.27197265625
7385.61865234375
7286.08984375
7174.19189453125
7065.30029296875
6955.40478515625
6855.181640625
6759.26171875
6667.93212890625
6582.291015625
6496.68017578125
6417.673828125
6343.109375
6274.046875
6213.5859375
6149.3798828125
6090.04638671875
6030.6279296875
5974.15771484375
5915.53125
5851.1845703125
5785.978515625
5716.60498046875
5622.26611328125
5489.892578125
5359.18310546875
5242.3212890625
5116.4306640625
4999.15771484375
4882.9306640625
4774.3056640625
4664.46533203125
4562.96728515625
4466.552734375
4369.19775390625
4276.861328125
4183.50390625
4092.248046875
4011.581787109375
3924.08251953125
3837.571044921875
3749.69677734375
3667.65380859375
3585.868408203125
3506.687744140625
3432.196044921875
3357.159423828125
3286.203125
3213.834228515625
