20000.0
19999.990234375
20000.0
20000.0
20000.0
20000.0
20000.0
20000.0
20000.0
20000.0
20000.0
20000.0
20000.0
20000.0
20000.0
20000.0
20000.0
20000.0
20000.0
20000.0
20000.0
20000.0
20000.0
20000.0
20000.0
20000.0
20000.0
20000.0
20000.0
20000.001953125
20000.0
20000.0
20000.0
19999.998046875
19999.998046875
20000.0
20000.0
20000.0
20000.0
19999.998046875
19999.998046875
19719.71875
18677.4765625
17643.369140625
16781.181640625
16027.626953125
15376.5859375
14705.3603515625
14113.7861328125
13598.9853515625
13115.4306640625
12682.3447265625
12284.3046875
11946.80859375
11661.6259765625
11368.9033203125
11104.9697265625
10848.9306640625
10614.75390625
10385.7666015625
10170.4931640625
9973.6513671875
9774.427734375
9525.1513671875
9307.310546875
9103.3017578125
8935.2783203125
8752.6396484375
8592.1689453125
8431.41796875
8274.2880859375
8113.990234375
7960.19384765625
7822.42919921875
7685.05908203125
7554.0888671875
7424.9072265625
7301.2734375
7194.439453125
7087.4677734375
6990.83642578125
6890.85205078125
6792.63330078125
6692.10986328125
6595.921875
6509.29931640625
6425.34130859375
6347.40478515625
6268.9609375
6193.30029296875
6128.1123046875
6062.77490234375
6002.92236328125
5942.59130859375
5886.8671875
5831.92333984375
5779.01220703125
5728.82421875
5677.47607421875
5625.18994140625
5567.48193359375
5507.2021484375
5451.154296875
5353.16796875
5236.318359375
5116.5283203125
5002.025390625
4887.00927734375
4776.31494140625
4673.24951171875
4573.28271484375
4482.15625
4389.32958984375
4297.83251953125
4216.126953125
4127.09033203125
4042.58837890625
3957.138916015625
3876.245361328125
3794.466064453125
3712.43359375
3632.649658203125
3552.532470703125
3477.82568359375
3403.19775390625
