20000.0
19999.998046875
20000.0
20000.0
20000.0
19999.998046875
20000.0
20000.0
20000.0
20000.0
20000.0
20000.0
20000.0
20000.0
20000.0
20000.0
20000.0
20000.0
20000.0
20000.0
20000.0
20000.0
20000.0
20000.0
20000.0
20000.0
20000.0
20000.0
20000.0
20000.0
20000.0
19999.998046875
20000.0
20000.0
20000.0
20000.0078125
20000.0
20000.0
20000.0
20000.0
20000.0
20000.0
19347.466796875
18227.845703125
17304.517578125
16509.875
15787.4208984375
15081.138671875
14459.40625
13917.55859375
13409.6162109375
12943.619140625
12530.6396484375
12177.470703125
11881.802734375
11579.14453125
11304.955078125
11038.5361328125
10795.0537109375
10559.193359375
10336.666015625
10093.537109375
9828.669921875
9572.1796875
9364.1982421875
9172.4697265625
9000.193359375
8823.17578125
8645.548828125
8467.7587890625
8301.431640625
8143.322265625
7994.087890625
7849.78759765625
7704.19970703125
7571.23388671875
7441.06396484375
7319.33447265625
7222.107421875
7115.97509765625
7010.85546875
6902.2021484375
6800.52197265625
6702.47119140625
6610.93994140625
6526.44384765625
6441.59130859375
6362.40576171875
6284.67333984375
6214.41015625
6154.4306640625
6089.724609375
6029.89111328125
5970.91748046875
5915.98779296875
5860.49169921875
5805.5458984375
5748.9208984375
5686.47021484375
5623.8154296875
5557.345703125
5438.0146484375
5325.6171875
5200.1650390625
5080.93359375
4961.744140625
4850.79443359375
4740.63818359375
4634.70068359375
4539.5537109375
4442.74658203125
4350.76123046875
4257.15576171875
4165.33984375
4084.0478515625
3995.99169921875
3912.68115234375
3827.799072265625
3743.845703125
3659.259033203125
3577.76171875
3501.593994140625
3425.298095703125
3353.445068359375
3281.087158203125
