25400.0
25400.0
25244.7890625
24568.87890625
24525.73046875
24070.62890625
23790.423828125
23733.1171875
23724.1796875
23725.5625
23729.98046875
23736.380859375
23754.70703125
23781.177734375
23827.892578125
23911.056640625
24058.32421875
24314.546875
24742.740234375
25040.345703125
25134.51171875
25163.62890625
25179.080078125
25196.189453125
25217.5390625
25235.896484375
25253.197265625
25266.583984375
25277.671875
25286.16015625
25293.7265625
25294.955078125
25457.873046875
25963.5859375
27847.24609375
31854.875
37184.44140625
43027.6171875
48208.40625
52677.84375
56286.41015625
59634.59765625
63177.08984375
68935.09375
75063.0703125
81504.828125
89291.8359375
98778.625
107286.7265625
116121.984375
125788.53125
135203.78125
143658.65625
152188.875
160108.09375
164564.59375
161755.125
159579.875
157291.6875
154839.546875
152198.0
149549.125
147359.09375
145260.890625
143439.25
141710.421875
140032.09375
138094.578125
135784.921875
133796.109375
133126.6875
131833.3125
130182.734375
128796.796875
127481.09375
126445.265625
125968.1171875
125359.4921875
124802.625
124323.6953125
123855.375
123464.78125
123131.7734375
122894.609375
122756.5
122750.9921875
122761.3984375
122733.96875
122622.3046875
122308.8828125
122064.421875
121849.921875
121622.5625
121376.8828125
121001.7421875
120574.9765625
120112.859375
119647.03125
119134.0703125
118604.2578125
118018.7890625
117433.109375
116884.7421875
116329.3515625
115760.828125
115257.4609375
114710.0234375
114191.15625
113669.296875
113178.4765625
112686.8984375
112212.1953125
111767.0703125
111328.25
110924.2578125
110557.7265625
110229.59375
109960.015625
109688.4375
109518.3203125
109644.3984375
109728.0546875
109808.3828125
109876.4375
109921.703125
110000.359375
110119.5859375
110357.1171875
