25400.0
25400.0
25269.931640625
24636.068359375
24514.36328125
24256.609375
24136.96875
24117.73046875
24119.02734375
24125.072265625
24131.9453125
24140.994140625
24152.923828125
24168.11328125
24189.974609375
24225.05078125
24279.662109375
24368.69921875
24529.638671875
24762.357421875
25085.474609375
25186.59375
25212.68359375
25221.869140625
25223.45703125
25545.388671875
26576.728515625
30261.337890625
36950.3515625
44165.64453125
51382.24609375
57003.14453125
62126.140625
66597.03125
70343.8125
73560.5703125
76620.6171875
79219.6796875
84317.734375
90357.8125
97727.5
106057.6171875
116104.0
124073.9140625
133459.375
142803.1875
152021.71875
160209.9375
168343.234375
167178.421875
163918.703125
160221.203125
156714.671875
153455.703125
150952.28125
148750.109375
146311.78125
144099.515625
141549.375
139082.890625
136272.28125
135284.140625
133943.875
132189.34375
130513.578125
129271.0
128350.515625
127526.796875
126787.578125
126216.6015625
126010.296875
125902.7890625
125766.84375
125597.5234375
125405.65625
125220.7578125
125035.4453125
124922.6875
124847.015625
124729.78125
124467.453125
124008.90625
123570.5
123167.9453125
122721.828125
122210.5390625
121630.515625
121005.0625
120389.40625
119723.84375
119028.5078125
118358.3125
117641.0703125
116969.609375
116288.796875
115624.5859375
114959.59375
114311.1484375
113704.8203125
113100.21875
112536.265625
111974.53125
111434.671875
110964.640625
110464.3828125
109998.796875
109539.8125
109115.5625
108699.8125
108307.734375
107950.140625
107626.890625
107345.96875
107085.0234375
106848.703125
106670.109375
106862.78125
107085.140625
107417.0
107704.90625
107972.65625
108207.140625
108406.203125
108580.34375
108737.171875
108895.5546875
