25400.0
25400.0
25336.65625
24741.525390625
24478.890625
24314.6484375
24254.900390625
24246.2109375
24249.62109375
24255.65234375
24262.150390625
24268.83984375
24278.412109375
24290.60546875
24305.62890625
24328.078125
24364.19921875
24419.302734375
24511.71484375
24651.765625
24929.990234375
25149.533203125
25211.541015625
25351.5078125
26248.603515625
29373.287109375
35993.47265625
43578.62109375
51061.6484375
57510.48046875
62739.58203125
67249.015625
71153.265625
74397.5859375
78525.109375
84657.6484375
92557.6875
101548.3359375
111864.375
122073.140625
132158.765625
142834.578125
152998.21875
161542.796875
170534.734375
168146.859375
164157.625
160065.140625
156045.09375
152991.765625
150257.609375
147448.34375
144757.25
141884.390625
138889.484375
136475.625
135316.359375
133462.53125
131681.375
130251.53125
129178.375
128176.0625
127423.0390625
126842.40625
126711.71875
126674.140625
126598.5625
126450.28125
126262.3359375
126065.0546875
125895.703125
125796.078125
125624.71875
125264.9453125
124725.140625
124215.3125
123723.890625
123168.2265625
122480.796875
121825.1796875
121085.203125
120335.4765625
119527.2734375
118702.4140625
117883.6171875
117090.1171875
116322.609375
115548.171875
114824.6484375
114105.5234375
113414.6015625
112813.8984375
112177.2578125
111584.2734375
110998.4453125
110456.7890625
109920.8125
109410.4296875
108939.3203125
108476.296875
108051.734375
107638.6328125
107251.2109375
106934.0078125
106647.734375
106414.8671875
106205.3203125
106026.0078125
106315.109375
106650.2109375
106960.125
107257.8203125
107514.6796875
107742.640625
107937.1953125
108089.765625
108253.296875
108402.6875
108541.6484375
108657.578125
108754.9375
108828.640625
108862.609375
108869.6875
108860.9453125
108843.84375
