25400.0
25400.0
25272.560546875
24638.62109375
24519.908203125
24258.69140625
24135.203125
24115.455078125
24116.84375
24123.076171875
24130.158203125
24139.607421875
24151.791015625
24167.28515625
24189.42578125
24225.07421875
24279.142578125
24368.283203125
24524.736328125
24717.0390625
25068.80078125
25181.009765625
25211.291015625
25220.74609375
25224.451171875
25359.55859375
26090.083984375
28621.5390625
34145.4296875
41015.2734375
48551.65234375
54305.5078125
59579.44140625
64022.63671875
67987.109375
71160.484375
74091.5
76909.171875
79826.0078125
84978.4296875
91150.1953125
98623.7578125
107239.5859375
115345.3984375
124364.984375
133384.453125
143128.203125
151603.234375
159958.0625
168272.046875
171125.625
166955.859375
163275.375
159892.953125
156340.609375
153782.0625
151001.109375
148387.9375
145591.890625
143063.421875
140161.484375
138249.65625
136794.15625
134793.3125
132995.375
131514.46875
130374.21875
129374.7734375
128525.90625
128139.09375
127729.6796875
127369.0546875
127002.6328125
126701.125
126452.515625
126234.0703125
126156.21875
126043.609375
125825.5
125383.96875
124931.3125
124517.5859375
124057.0703125
123549.7109375
122927.421875
122275.6484375
121631.7734375
120930.2578125
120210.8984375
119439.09375
118697.375
118046.953125
117327.21875
116638.15625
115931.3359375
115261.625
114592.9296875
113948.4609375
113347.984375
112753.5703125
112206.234375
111673.8671875
111177.03125
110774.8203125
110376.7890625
110028.5078125
109700.265625
109690.296875
109742.7265625
109775.6875
109802.3515625
109833.1171875
109937.203125
110141.0
110332.421875
110482.3671875
110645.0546875
110793.6640625
110930.4609375
111042.5859375
111134.828125
111201.5703125
111242.6796875
111263.046875
111264.34375
111273.1953125
