25400.0
25400.0
24593.0390625
24722.279296875
24246.87109375
24035.275390625
23906.955078125
23889.58203125
23893.697265625
23904.71875
23922.34375
23947.546875
23992.875
24077.6875
24241.728515625
24524.6015625
24997.2109375
25148.150390625
25187.818359375
25201.638671875
25211.98046875
25222.21484375
25238.00390625
25250.6796875
25580.421875
26851.009765625
30789.12890625
37551.1328125
44784.94140625
51589.90625
57228.15234375
61593.49609375
66095.34375
69392.5703125
73971.328125
80338.1328125
88463.2734375
97510.390625
108111.328125
118351.984375
128647.578125
139657.5
149898.5
158724.4375
165416.3125
162516.515625
159220.828125
155789.703125
152560.328125
149584.34375
147321.796875
144888.125
142643.15625
140392.015625
138044.3125
135825.578125
133501.921875
132681.390625
130958.34375
129313.6875
127745.7578125
126628.7734375
125764.4609375
124922.9453125
124429.6484375
124244.265625
124016.78125
123825.125
123585.234375
123395.2421875
123238.6953125
123157.984375
123141.21875
123071.609375
122887.90625
122471.6484375
122121.09375
121760.1640625
121352.859375
120894.4921875
120307.46875
119716.2421875
119075.6953125
118431.6328125
117703.9765625
116977.03125
116299.453125
115614.5390625
114948.0625
114282.921875
113630.6015625
113056.8359375
112440.28125
111866.5
111298.453125
110771.1171875
110249.7734375
109750.6484375
109289.5625
108837.859375
108424.5625
108022.4375
107653.4296875
107359.109375
107073.0546875
106824.6484375
106594.53125
106679.40625
106927.9609375
107305.09375
107632.2265625
107933.9140625
108188.34375
108416.03125
108610.9765625
108781.2578125
108962.1796875
109122.5078125
109267.5625
109385.1484375
109480.90625
109551.484375
109598.2265625
109625.7578125
109641.6015625
109690.6875
