25400.0
25400.0
24510.228515625
24238.46875
23687.52734375
23321.95703125
23230.6484375
23249.25
23343.869140625
23588.01171875
24043.1875
24612.912109375
24860.4609375
24949.224609375
25001.046875
25040.06640625
25095.9140625
25125.7890625
25144.5859375
25159.814453125
25172.248046875
25182.830078125
25191.484375
25197.671875
25203.2578125
25206.892578125
25208.9609375
25209.2890625
25301.666015625
25720.251953125
27027.755859375
30493.25390625
35670.0625
42112.25
48189.14453125
56235.4765625
65155.69140625
74382.1015625
84608.7421875
94629.2109375
106075.53125
117553.6484375
127378.34375
138071.515625
147208.5
151781.359375
150616.703125
148916.4375
146843.828125
144674.640625
142242.671875
139908.765625
138030.953125
136488.78125
135115.59375
133642.09375
132754.0
131115.4375
129312.96875
127551.8828125
126244.0703125
125119.609375
124274.4765625
123559.5078125
122707.2421875
122046.5078125
121568.0703125
121284.5234375
121156.5390625
121075.2578125
120982.9296875
120671.5625
120482.6015625
120354.96875
120180.171875
119925.03125
119558.34375
119167.0859375
118781.7265625
118293.953125
117757.9609375
117163.3515625
116586.9296875
115976.71875
115360.1953125
114775.890625
114204.8125
113691.84375
113245.5625
112860.046875
112548.9375
112615.8671875
112753.0703125
112888.4375
112985.7890625
113029.25
113032.3515625
113009.0390625
112987.5546875
112964.25
113007.2890625
113192.5546875
113407.1796875
113583.71875
113709.515625
113803.4296875
113906.5
114028.9296875
114095.0546875
114112.5390625
114090.7734375
114039.8125
113963.125
113877.03125
113798.65625
113700.6171875
113590.3671875
113458.234375
113291.59375
113101.4375
112895.15625
112677.1484375
112438.234375
112201.8203125
111956.921875
