25400.0
25400.0
24882.287109375
24655.6640625
24148.958984375
23553.873046875
23255.607421875
23201.8515625
23242.63671875
23382.658203125
23744.6328125
24309.53515625
24803.0859375
24948.92578125
25004.84765625
25050.833984375
25119.380859375
25159.447265625
25186.67578125
25205.828125
25223.55078125
25235.826171875
25246.87890625
25255.369140625
25261.21875
25265.251953125
25277.24609375
25648.373046875
26845.69921875
30449.27734375
35850.44140625
41489.8984375
47100.65625
51479.2265625
55492.75
60946.71875
67568.6015625
74960.8359375
83254.6640625
93765.8125
103293.921875
113987.4296875
125238.96875
134635.109375
144883.46875
147876.71875
146697.015625
145697.625
144383.203125
142672.59375
140812.84375
138697.40625
136726.484375
135289.890625
133884.09375
132657.75
131364.90625
130128.7890625
128556.7734375
127143.578125
126464.0078125
125230.953125
124017.6328125
122933.8125
121798.640625
121066.3984375
120428.1015625
119830.7265625
119114.6796875
118570.359375
118118.140625
117860.9765625
117735.6015625
117661.171875
117596.7734375
117377.3671875
117197.09375
117093.8671875
116996.8203125
116866.109375
116637.9765625
116363.046875
116070.515625
115760.5546875
115401.6640625
114984.125
114533.984375
114057.7265625
113584.1015625
113085.6328125
112606.2421875
112191.5234375
111777.59375
111440.828125
111140.9140625
110885.5
111025.6484375
111204.203125
111373.84375
111514.625
111608.3125
111663.8203125
111684.2109375
111692.53125
111733.6875
111884.21875
112173.2890625
112395.0625
112580.7890625
112726.9609375
112835.5078125
112916.3671875
113036.8046875
113144.1484375
113198.6953125
113213.4765625
113198.5625
113157.5703125
113094.5390625
113021.0078125
112950.0
112870.3125
112781.0390625
112675.3359375
112560.328125
112428.53125
