25400.0
25400.0
25016.861328125
24610.712890625
24240.642578125
23686.669921875
23357.345703125
23278.875
23295.99609375
23377.576171875
23584.970703125
24012.666015625
24594.7421875
24887.978515625
24988.990234375
25042.58203125
25086.62109375
25138.923828125
25167.115234375
25185.82421875
25200.654296875
25213.2890625
25223.595703125
25232.3671875
25238.2265625
25244.064453125
25247.603515625
25249.771484375
25250.107421875
25328.37109375
25733.486328125
27006.87890625
30439.505859375
35487.0
42165.53515625
48514.34765625
56889.39453125
66096.46875
75801.6171875
85960.8984375
96196.578125
107927.125
119355.59375
129175.7421875
139680.140625
148588.640625
152729.8125
151389.578125
149538.890625
147344.015625
145052.359375
142533.984375
140182.59375
138415.203125
136816.28125
135397.9375
133494.71875
133162.984375
131310.78125
129347.234375
127711.2421875
126245.328125
125322.84375
124593.6328125
123772.0625
122972.8203125
122347.5546875
121902.6953125
121700.703125
121619.734375
121563.5625
121451.71875
121151.40625
120971.484375
120832.421875
120631.1953125
120333.4375
119937.28125
119511.015625
119073.8359375
118550.625
117965.8984375
117347.0859375
116750.3125
116116.3359375
115481.828125
114876.9375
114281.8125
113739.375
113248.9375
112826.1328125
112489.0078125
112244.375
112409.0078125
112536.6015625
112632.75
112694.9765625
112714.203125
112702.3203125
112673.0546875
112651.3515625
112685.2421875
112859.2109375
113093.7890625
113285.984375
113428.3984375
113535.40625
113606.34375
113727.28125
113824.2109375
113864.8828125
113861.9921875
113827.015625
113762.6796875
113674.625
113594.1171875
113501.90625
113398.9140625
113268.25
113103.7109375
112920.7890625
112723.4921875
112516.8125
112282.0703125
112046.3359375
111800.1015625
