25400.0
25400.0
24916.33203125
24632.72265625
24023.515625
23523.638671875
23149.26171875
23087.83203125
23090.072265625
23122.623046875
23188.640625
23289.853515625
23729.109375
24356.072265625
24718.583984375
24838.501953125
24897.505859375
24943.751953125
24982.22265625
25024.89453125
25063.6484375
25084.4921875
25099.6171875
25113.63671875
25128.302734375
25138.693359375
25145.087890625
25149.89453125
25153.259765625
25155.9453125
25224.873046875
25521.23046875
26555.78515625
29139.17578125
34047.375
40532.359375
47282.13671875
55009.58984375
64131.84375
73631.2890625
84602.3984375
95077.359375
106053.109375
118114.265625
129312.65625
139399.6875
142308.078125
142037.546875
141254.265625
140583.15625
139408.609375
137933.953125
136233.09375
134414.125
133338.609375
132298.4375
131178.328125
130180.59375
129081.6640625
128098.875
127599.4765625
126502.7578125
125035.1953125
123499.359375
122376.640625
121349.7578125
120715.46875
120142.875
119603.9140625
119045.75
118526.6953125
118125.6640625
117795.1640625
117641.1875
117620.2109375
117628.34375
117640.7734375
117619.34375
117433.703125
117326.296875
117254.40625
117176.0546875
117046.25
116793.40625
116488.40625
116171.890625
115798.296875
115393.421875
114925.921875
114420.515625
113945.5390625
113455.6171875
112954.609375
112506.65625
112016.7109375
111553.1875
111087.6875
110652.84375
110229.59375
109830.96875
109480.0234375
109174.8125
108919.59375
108688.2890625
108558.84375
108759.5546875
108936.7890625
109094.046875
109220.859375
109314.5859375
109507.6328125
109819.28125
110109.390625
110390.71875
110641.125
110869.359375
111065.390625
111214.3828125
111343.6796875
111441.2421875
111516.9921875
111603.40625
111707.4375
111768.3671875
111789.3125
111778.40625
111743.375
111687.1328125
