20000.0
20000.0
20000.0
20000.0
20000.0
20000.0
20000.0
20000.0
20000.0
20000.0
20000.0
20000.0
20000.0
20000.0
20000.0
20000.0
20000.0
20000.0
20000.0
20000.0
20000.0
20000.0
20000.0
20000.0
20000.0
20000.0
20000.0
20000.0
20000.0
19999.998046875
20000.0
20000.0
20000.0
20000.0
20000.0
20000.0
20000.0
20000.0
20000.0
19999.921875
19999.998046875
20000.0
20000.0
20000.0
20000.0
20000.0
20000.0
20000.0
20000.0
20000.0
20000.0
19239.76171875
18003.00390625
16964.67578125
15910.455078125
14900.9921875
13994.78125
13156.681640625
12482.3330078125
11843.5126953125
11290.6181640625
10757.08203125
10263.955078125
9726.9658203125
9252.2958984375
8853.68359375
8472.3408203125
8120.1181640625
7803.27783203125
7514.818359375
7271.00244140625
7026.1083984375
6814.5244140625
6615.81591796875
6451.32763671875
6297.64501953125
6152.4658203125
6025.04296875
5901.74072265625
5789.8740234375
5681.98681640625
5581.89599609375
5496.37353515625
5408.0908203125
5329.0390625
5253.39794921875
5186.6337890625
5123.20947265625
5064.015625
5010.57568359375
4959.08740234375
4912.4716796875
4867.42626953125
4825.6435546875
4790.68017578125
4754.45947265625
4721.216796875
4688.25927734375
4655.693359375
4621.3779296875
4586.48583984375
4552.4609375
4505.4921875
4435.39306640625
4364.6337890625
4293.23828125
4228.06201171875
4155.75048828125
4086.516357421875
4016.1650390625
3949.106201171875
3880.012451171875
3810.531005859375
3742.966064453125
3673.610107421875
3607.38525390625
3540.1982421875
3474.791748046875
3417.031494140625
3354.46435546875
3295.2177734375
3235.04638671875
3175.837646484375
3115.95703125
3058.353759765625
3004.689208984375
2951.195068359375
2901.088623046875
2850.9873046875
