20000.0
20000.0
20000.0
20000.0
20000.0
20000.0
20000.0
20000.0
20000.0
20000.0
20000.0
20000.0
20000.0
20000.0
20000.0
20000.0
20000.0
20000.0
20000.0
20000.0
20000.0
20000.0
20000.0
20000.0
20000.0
20000.0
20000.0
20000.009765625
20000.0
20000.0
20000.0
20000.0
20000.0
20000.0
20000.0
20000.0
20000.0
20000.0
20000.0
20000.0
20000.0
20000.0
20000.0
20000.0
20000.0
20000.0
20000.0
20000.0
20000.0
20000.0
19443.708984375
18244.537109375
17230.97265625
16288.9833984375
15374.896484375
14511.2734375
13698.0234375
12919.6328125
12280.66796875
11730.4990234375
11233.10546875
10757.802734375
10270.3837890625
9814.07421875
9347.408203125
8886.185546875
8521.9541015625
8170.52978515625
7854.16357421875
7543.203125
7278.50634765625
7033.3876953125
6802.55126953125
6594.060546875
6401.34619140625
6231.5283203125
6072.1640625
5936.3671875
5821.43310546875
5699.5712890625
5592.9287109375
5489.1337890625
5394.73876953125
5303.666015625
5218.4619140625
5142.15380859375
5068.72509765625
5002.34912109375
4938.3203125
4878.46875
4827.6259765625
4774.92041015625
4727.0830078125
4680.8984375
4638.72216796875
4598.3408203125
4560.484375
4525.97998046875
4492.47509765625
4461.8203125
4432.09912109375
4404.1474609375
4380.18701171875
4355.16455078125
4332.34814453125
4310.08056640625
4289.64404296875
4269.576171875
4250.5
4232.70263671875
4214.8603515625
4196.869140625
4177.48974609375
4157.3115234375
4138.57373046875
4117.2529296875
4085.408935546875
4033.347412109375
3983.089599609375
3931.1201171875
3878.2275390625
3826.606689453125
3773.475830078125
3722.72119140625
3671.144775390625
