20000.0
20000.0
20000.0
20000.0
20000.0
20000.0
20000.0
20000.0
20000.0
20000.0
20000.0
20000.0
20000.0
20000.0
20000.0
20000.0
20000.0
20000.0
20000.0
20000.0
20000.0
20000.0
20000.0
20000.0
20000.0
20000.0
19999.955078125
20000.0
20000.0
20000.0
20000.0
20000.0
19999.998046875
20000.0
20000.0
20000.0
20000.0
20000.0
20000.0
20000.0
20000.0
19999.99609375
20000.0
20000.0
20000.0
20000.0
20000.0
20000.0
20000.0
20000.0
20000.0
20000.0
19075.9296875
17948.44140625
16972.62109375
16147.3955078125
15170.419921875
14352.2158203125
13547.9248046875
12843.8505859375
12208.810546875
11669.228515625
11186.5712890625
10708.1943359375
10261.244140625
9802.1845703125
9341.9501953125
8973.5537109375
8615.359375
8292.666015625
7971.943359375
7692.92578125
7436.14599609375
7194.85791015625
6977.46337890625
6774.5302734375
6595.84814453125
6427.1259765625
6282.708984375
6162.4423828125
6035.52587890625
5921.00634765625
5811.15966796875
5710.36572265625
5612.6552734375
5521.380859375
5438.64013671875
5357.08251953125
5284.59375
5216.02099609375
5151.55419921875
5096.7685546875
5039.99951171875
4988.5078125
4938.67431640625
4893.76171875
4850.5361328125
4809.97998046875
4773.16796875
4737.21728515625
4704.76611328125
4673.14404296875
4643.212890625
4617.44873046875
4590.169921875
4564.69091796875
4538.1796875
4511.8623046875
4483.91650390625
4455.47607421875
4427.54296875
4384.39892578125
4323.884765625
4262.490234375
4200.97216796875
4144.56689453125
4081.73095703125
4021.240234375
3959.488525390625
3900.658935546875
3840.45263671875
3780.35302734375
3721.89306640625
3661.41650390625
3603.174072265625
3543.634521484375
