20000.0
20000.0
20000.0
20000.0
20000.0
20000.0
20000.0
20000.0
20000.0
20000.0
20000.0
20000.0
20000.0
20000.0
20000.0
20000.0
20000.0
20000.0
20000.0
20000.0
20000.0
20000.0
20000.0
20000.0
20000.0
20000.0
20000.0
20000.0
20000.0
20000.0
19999.994140625
20000.0
20000.0
20000.0
20000.0
19999.9765625
20000.0
20000.0
20000.0
20000.0
19999.998046875
19999.9765625
20000.0
20000.0
20000.0
20000.0
20000.0
20000.0
19999.998046875
20000.0
20000.0
20000.0
20000.0
20000.0
20000.0
19582.009765625
18467.236328125
17489.310546875
16652.966796875
15803.6484375
14910.251953125
14187.1796875
13459.779296875
12810.88671875
12216.2099609375
11700.8837890625
11275.4765625
10832.3232421875
10420.333984375
10001.220703125
9578.763671875
9183.3916015625
8834.6875
8525.8720703125
8218.0009765625
7932.134765625
7675.3173828125
7437.77099609375
7232.40869140625
7020.384765625
6833.8134765625
6658.30615234375
6501.00390625
6358.99853515625
6231.17724609375
6113.87744140625
5998.7060546875
5895.43212890625
5795.05615234375
5700.03173828125
5618.37255859375
5533.29638671875
5455.85693359375
5379.95751953125
5310.69873046875
5245.25732421875
5183.42724609375
5127.056640625
5072.2861328125
5022.3798828125
4973.87890625
4928.38720703125
4889.87841796875
4849.81640625
4813.16259765625
4777.34619140625
4744.67529296875
4712.6865234375
4682.671875
4655.0947265625
4627.966796875
4602.880859375
4577.966796875
4553.8232421875
4531.58544921875
4506.34619140625
4481.40478515625
4455.228515625
4429.5869140625
4397.4541015625
4340.599609375
4284.7998046875
4229.1220703125
4174.35791015625
4116.9873046875
