20000.0
20000.0
20000.0
20000.0
20000.0
20000.0
20000.0
20000.0
20000.0
20000.0
20000.0
20000.0
20000.0
20000.0
20000.0
20000.0
20000.0
20000.0
20000.0
20000.0
20000.0
20000.0
20000.0
20000.0
20000.0
20000.0
20000.0
20000.0
19999.689453125
20000.0
20000.0
20000.0
19999.998046875
20000.0
20000.0
20000.0
20000.0
20000.0
19999.9921875
20000.0
19999.876953125
19999.326171875
20000.0
19999.994140625
20000.0
20000.0
20000.0
19999.998046875
20000.0
20000.0
20000.0
20000.0
20000.0
20000.0
20000.0
19612.623046875
18520.224609375
17543.7265625
16713.890625
15807.7578125
14928.140625
14181.259765625
13450.31640625
12804.0458984375
12217.7265625
11711.939453125
11286.9287109375
10837.39453125
10416.8525390625
9989.810546875
9559.5546875
9161.6533203125
8812.5947265625
8502.3330078125
8193.1083984375
7906.93603515625
7653.7470703125
7415.50341796875
7211.8095703125
7001.09375
6816.63427734375
6641.99365234375
6486.060546875
6347.353515625
6220.15673828125
6102.6650390625
5988.14990234375
5885.22314453125
5784.6533203125
5689.43505859375
5608.08056640625
5523.51416015625
5445.81884765625
5369.7021484375
5302.1484375
5237.2373046875
5176.083984375
5120.3505859375
5066.208984375
5016.9013671875
4968.9560546875
4924.1748046875
4886.17431640625
4846.572265625
4810.43017578125
4775.1435546875
4743.087890625
4711.8134765625
4682.17236328125
4654.9169921875
4628.05419921875
4603.21630859375
4578.5224609375
4554.58056640625
4532.36474609375
4507.15380859375
4482.2216796875
4456.0283203125
4430.40869140625
4394.2958984375
4337.2421875
4281.87451171875
4226.080078125
4171.2333984375
4113.861328125
