20000.0
20000.0
20000.0
19999.998046875
20000.0
20000.0
20000.0
20000.0
20000.0
20000.0
20000.0
20000.0
20000.0
20000.0
20000.0
20000.0
20000.0
20000.0
20000.0
20000.0
20000.0
20000.0
20000.0
20000.0
20000.0
20000.0
20000.0
20000.0
20000.0
19999.990234375
20000.0
20000.0
19999.98828125
20000.0
20000.0
19999.998046875
20000.0
20000.0
20000.0
20000.0
20000.0
19999.71484375
20000.0
20000.0
20000.0
20000.0
20000.0
19761.048828125
18301.833984375
17206.11328125
16252.2998046875
15312.23828125
14399.22265625
13596.71875
12914.744140625
12214.0576171875
11627.498046875
11106.091796875
10645.6396484375
10159.62890625
9705.451171875
9306.6865234375
8934.556640625
8588.236328125
8247.615234375
7958.74951171875
7711.94482421875
7455.326171875
7228.32421875
7018.833984375
6832.84228515625
6666.876953125
6517.76416015625
6381.89013671875
6252.51416015625
6136.37646484375
6024.75146484375
5920.6572265625
5832.44091796875
5740.77392578125
5657.32373046875
5576.669921875
5503.38818359375
5431.345703125
5364.41650390625
5303.89208984375
5245.4140625
5192.3623046875
5140.8095703125
5091.8525390625
5049.35986328125
5001.00244140625
4953.6396484375
4904.4951171875
4858.95751953125
4782.04931640625
4695.30712890625
4613.79736328125
4529.07470703125
4447.2451171875
4363.68408203125
4281.65673828125
4208.8115234375
4128.69287109375
4050.822509765625
3970.078857421875
3892.2333984375
3812.72607421875
3734.699462890625
3660.770263671875
3586.1044921875
3515.61865234375
3444.760498046875
3373.0224609375
3309.055419921875
3241.42724609375
3178.722900390625
3116.393310546875
3058.2109375
3000.23193359375
2944.240234375
2891.36083984375
2837.8642578125
2787.241455078125
2736.37158203125
