20000.0
20000.0
20000.0
20000.0
20000.0
20000.0
20000.0
20000.0
20000.0
20000.0
20000.0
20000.0
20000.0
20000.0
20000.0
20000.0
20000.0
20000.0
20000.0
20000.0
20000.0
20000.0
20000.0
19993.05859375
19999.998046875
19999.951171875
20000.0
20000.0
20000.0
20000.0
20000.0
20000.0
20000.0
20000.0
19999.95703125
20000.0
20000.0
20000.0
20000.0
20000.0
20000.0
20000.0
20000.0
20000.0
20000.0
20000.0
19606.763671875
18182.142578125
17115.6015625
16175.962890625
15241.6923828125
14345.4462890625
13556.560546875
12884.7158203125
12196.3017578125
11616.0966796875
11099.4697265625
10644.9462890625
10172.82421875
9718.9365234375
9320.7021484375
8951.2421875
8611.212890625
8273.68359375
7980.56103515625
7735.654296875
7481.03466796875
7252.1103515625
7042.40869140625
6856.271484375
6685.70263671875
6536.97998046875
6401.8046875
6271.30517578125
6155.07861328125
6043.095703125
5938.8486328125
5850.56396484375
5758.974609375
5675.44970703125
5594.54345703125
5521.2294921875
5449.5302734375
5382.0009765625
5320.9541015625
5262.00439453125
5208.50048828125
5156.47900390625
5107.25634765625
5064.70849609375
5016.740234375
4969.71240234375
4920.654296875
4873.640625
4807.421875
4719.146484375
4637.1953125
4552.29638671875
4469.9375
4385.7626953125
4303.0810546875
4229.8134765625
4149.30859375
4071.251708984375
3990.15478515625
3911.923828125
3831.984375
3753.310546875
3678.798095703125
3603.563720703125
3532.425537109375
3460.849609375
3389.17138671875
3324.48193359375
3255.792236328125
3192.29833984375
3129.34423828125
3070.606201171875
3012.010009765625
2955.443603515625
2902.173095703125
2848.283203125
2797.24609375
2745.924072265625
