20000.0
20000.0
20000.0
20000.0
20000.0
20000.0
20000.0
20000.0
20000.0
20000.0
20000.0
20000.0
20000.0
20000.0
20000.0
20000.0
20000.0
20000.0
20000.0
20000.0
20000.0
20000.0
20000.0
19999.80078125
20000.0
20000.0
20000.0
20000.0
20000.0
19999.96875
20000.0
20000.0
20000.0
20000.0
19999.9921875
20000.0
20000.0
20000.0
20000.0
20000.0
20000.0
20000.0
20000.0
20000.0
20000.0
18993.830078125
17633.357421875
16611.107421875
15743.76953125
14988.5341796875
14085.0576171875
13345.1162109375
12668.119140625
12088.212890625
11497.544921875
10990.0078125
10524.615234375
10111.7138671875
9705.5615234375
9295.4228515625
8902.78125
8537.4560546875
8224.3984375
7920.5078125
7626.20849609375
7382.24951171875
7145.65625
6928.876953125
6717.0791015625
6532.53564453125
6360.44580078125
6202.6787109375
6068.3984375
5945.37890625
5832.6728515625
5722.88671875
5622.076171875
5536.32763671875
5447.64892578125
5367.27197265625
5289.3115234375
5218.08056640625
5149.0234375
5085.37890625
5028.1953125
4972.55908203125
4920.7041015625
4870.74755859375
4823.95361328125
4784.0966796875
4743.12646484375
4706.04248046875
4670.02880859375
4637.111328125
4604.94140625
4574.37158203125
4545.9990234375
4517.6044921875
4488.90576171875
4458.3212890625
4426.99853515625
4398.26904296875
4363.9677734375
4297.87744140625
4229.171875
4161.77978515625
4091.62890625
4021.726318359375
3954.87744140625
3886.95068359375
3822.009765625
3755.081298828125
3687.679931640625
3626.656982421875
3559.454345703125
3495.18798828125
3430.010009765625
3368.3798828125
3306.19580078125
3245.788330078125
3188.745849609375
3130.41650390625
3073.05126953125
3015.265869140625
