20000.0
20000.0
20000.0
20000.0
19999.953125
20000.0
20000.0
20000.0
20000.0
20000.0
20000.0
20000.0
20000.0
20000.0
20000.0
20000.0
20000.0
20000.0
20000.0
20000.0
20000.0
20000.0
20000.0
20000.0
20000.0
20000.0
19999.96875
20000.0
20000.0
20000.0
20000.0
19999.998046875
20000.0
20000.0
20000.0
19999.998046875
20000.0
20000.0
20000.0
20000.0
20000.0
20000.0
20000.0
20000.0
20000.0
20000.0
20000.0
20000.0
20000.0
18566.70703125
17401.04296875
16380.1376953125
15533.8740234375
14523.2607421875
13690.2080078125
12958.2412109375
12209.9150390625
11593.8896484375
11057.9052734375
10552.3916015625
10060.287109375
9615.62890625
9221.796875
8828.5009765625
8464.767578125
8143.35107421875
7842.2607421875
7585.13671875
7329.80908203125
7107.31298828125
6899.294921875
6727.09033203125
6565.09521484375
6413.23291015625
6278.9931640625
6150.740234375
6035.23681640625
5924.37841796875
5821.00634765625
5733.04248046875
5641.7119140625
5559.0859375
5479.103515625
5405.6640625
5335.392578125
5270.0107421875
5210.9619140625
5153.97412109375
5102.23779296875
5051.984375
5004.27783203125
4961.48681640625
4915.5234375
4870.5693359375
4824.04345703125
4769.404296875
4686.060546875
4605.66064453125
4526.708984375
4444.548828125
4365.4716796875
4285.00537109375
4206.337890625
4136.12109375
4058.478271484375
3982.7939453125
3904.13720703125
3828.588623046875
3751.589599609375
3676.016357421875
3604.605712890625
3532.718994140625
3464.798828125
3396.846923828125
3327.8662109375
3266.358154296875
3200.938232421875
3140.147705078125
3079.78466796875
3023.431640625
2967.21728515625
2912.852294921875
2861.476806640625
2809.49755859375
2760.344482421875
2710.963623046875
