20000.0
20000.0
20000.0
19999.998046875
20000.0
20000.0
20000.0
20000.0
20000.0
20000.0
20000.0
20000.0
20000.0
20000.0
20000.0
20000.0
20000.0
20000.0
20000.0
20000.0
20000.0
20000.0
20000.0
20000.0
20000.0
20000.0
20000.0
20000.0
19999.978515625
19999.970703125
20000.0
20000.0
20000.0
20000.0
20000.0
20000.0
20000.0
20000.0
20000.0
20000.0
20000.0
20000.0
20000.0
20000.0
20000.0
20000.0
20000.0
20000.0
20000.0
20000.0
20000.0
19999.998046875
20000.0
20000.0
20000.0
19058.669921875
18102.85546875
17222.556640625
16462.1171875
15672.234375
14998.6904296875
14413.9677734375
13905.953125
13463.9560546875
12886.37109375
12385.9228515625
11948.8203125
11570.1708984375
11158.4697265625
10781.052734375
10421.384765625
10099.6669921875
9801.8037109375
9514.607421875
9248.8544921875
8993.6298828125
8764.236328125
8539.9150390625
8326.857421875
8140.7236328125
7932.1220703125
7730.84033203125
7535.54296875
7370.7451171875
7207.11962890625
7046.74609375
6897.41357421875
6753.6748046875
6625.33740234375
6501.5380859375
6384.87109375
6285.3798828125
6187.74755859375
6101.3115234375
6015.60107421875
5935.27490234375
5857.4619140625
5784.24951171875
5716.58935546875
5650.38916015625
5589.6083984375
5529.91455078125
5473.3623046875
5424.4892578125
5372.91796875
5325.34326171875
5278.59326171875
5235.267578125
5192.5126953125
5151.7001953125
5113.8251953125
5076.22705078125
5041.1943359375
5006.005859375
4971.58251953125
4939.212890625
4902.1181640625
4865.28857421875
4826.544921875
4788.58642578125
4727.27197265625
4653.0439453125
4583.15576171875
4510.79833984375
4440.9384765625
4369.2724609375
