20000.0
20000.0
20000.0
20000.0
20000.0
20000.0
20000.0
20000.0
20000.0
20000.0
20000.0
20000.0
20000.0
20000.0
20000.0
20000.0
20000.0
20000.0
20000.0
20000.0
20000.0
20000.0
20000.0
20000.0
20000.0
19999.98046875
19999.955078125
19999.994140625
20000.0
20000.0
20000.0
20000.0
20000.0
20000.0
20000.0
20000.0
20000.0
20000.0
20000.0
20000.0
20000.0
20000.0
20000.0
20000.0
20000.0
20000.0
20000.0
20000.0
19693.24609375
18505.876953125
17465.349609375
16576.560546875
15688.58984375
14975.767578125
14385.70703125
13802.15234375
13334.984375
12685.4326171875
12185.25390625
11726.0146484375
11276.59375
10857.7177734375
10452.533203125
10085.48046875
9740.9677734375
9433.4736328125
9176.2099609375
8904.3349609375
8633.6025390625
8352.2939453125
8100.1162109375
7860.1875
7639.40283203125
7433.79296875
7223.13525390625
7024.46337890625
6838.4814453125
6672.466796875
6528.04296875
6372.314453125
6229.927734375
6096.216796875
5976.90869140625
5861.62939453125
5754.90478515625
5664.4716796875
5578.833984375
5499.36572265625
5419.6591796875
5345.4716796875
5282.08251953125
5215.75390625
5155.15234375
5095.876953125
5041.6611328125
4988.666015625
4939.98681640625
4895.05810546875
4850.65380859375
4809.66650390625
4769.296875
4730.83544921875
4697.5732421875
4662.8232421875
4630.82763671875
4599.23486328125
4570.0029296875
4541.1640625
4513.625
4488.13525390625
4462.81396484375
4439.2333984375
4415.5322265625
4392.33642578125
4370.5009765625
4345.1865234375
4319.45703125
4292.29052734375
4265.5068359375
4227.1572265625
4165.33740234375
4105.3701171875
4042.296875
3980.88232421875
3917.71435546875
