20000.0
20000.0
20000.0
20000.0
20000.0
20000.0
20000.0
20000.0
20000.0
20000.0
20000.0
20000.0
20000.0
20000.0
20000.0
20000.0
20000.0
20000.0
20000.0
20000.0
20000.0
20000.0
20000.0
20000.0
19999.986328125
20000.0
20000.0
20000.0
20000.0
20000.0
20000.0
20000.0
20000.0
20000.0
20000.0
19999.994140625
20000.0
20000.0
20000.0
20000.0
20000.0
20000.0
19999.99609375
20000.0
20000.0
19726.841796875
18393.3828125
17290.830078125
16231.142578125
15366.8681640625
14654.5595703125
13984.7041015625
13447.5732421875
12732.1328125
12163.9443359375
11708.03125
11204.720703125
10749.232421875
10314.169921875
9926.2734375
9568.8427734375
9243.546875
8945.515625
8639.1005859375
8330.98046875
8039.55908203125
7774.13330078125
7554.0205078125
7318.8466796875
7095.53076171875
6874.91748046875
6694.10009765625
6516.0791015625
6343.92041015625
6187.17822265625
6041.693359375
5911.3056640625
5788.01904296875
5675.09765625
5587.0712890625
5495.478515625
5409.55029296875
5326.13818359375
5251.255859375
5178.22802734375
5109.8486328125
5047.67626953125
4988.72021484375
4935.09033203125
4882.50439453125
4832.65673828125
4789.76611328125
4744.70166015625
4703.8876953125
4663.958984375
4627.13916015625
4590.978515625
4556.6494140625
4525.07421875
4494.09423828125
4465.58984375
4437.59423828125
4410.78759765625
4387.5400390625
4362.376953125
4338.0927734375
4311.4638671875
4284.7119140625
4256.2275390625
4227.07470703125
4194.4619140625
4129.20751953125
4065.416015625
3998.1083984375
3930.40625
3869.572509765625
3803.29150390625
3740.332763671875
3676.033447265625
3613.84228515625
3549.273193359375
3484.658203125
3422.57275390625
3359.22314453125
3298.930908203125
3237.958984375
