20000.0
20000.0
20000.0
19999.91796875
19999.986328125
20000.0
20000.0
20000.0
20000.0
20000.0
20000.0
20000.0
20000.0
20000.0
20000.0
20000.0
20000.0
20000.0
20000.0
20000.0
20000.0
20000.0
20000.0
20000.0
20000.0
19998.345703125
20000.0
19999.572265625
20000.0
20000.0
20000.0
19999.99609375
20000.0
19999.998046875
20000.0
20000.0
19998.302734375
19999.994140625
20000.0
20000.0
20000.0
20000.0
20000.0
20000.0
20000.0
20000.0
20000.0
18773.232421875
17676.9609375
16694.158203125
15754.94140625
14951.23046875
14253.681640625
13671.4765625
13128.4287109375
12470.689453125
11986.65234375
11512.3134765625
11057.6435546875
10605.9541015625
10197.724609375
9814.046875
9480.5703125
9186.6708984375
8885.88671875
8594.6279296875
8316.140625
8058.86328125
7843.18359375
7613.67431640625
7390.78759765625
7168.765625
6980.75439453125
6800.9375
6627.01171875
6466.3701171875
6314.50537109375
6179.85205078125
6051.787109375
5931.2919921875
5837.2724609375
5742.4521484375
5654.19921875
5566.71875
5488.34912109375
5412.224609375
5340.84619140625
5275.92529296875
5212.82421875
5155.00244140625
5098.69287109375
5045.5400390625
4999.86279296875
4952.09326171875
4908.248046875
4865.28857421875
4825.78857421875
4787.5791015625
4751.92138671875
4718.75927734375
4685.66357421875
4654.5673828125
4623.10986328125
4589.87744140625
4558.85546875
4524.1806640625
4490.27197265625
4448.798828125
4377.01123046875
4302.5078125
4226.5341796875
4152.12451171875
4076.100341796875
4003.765869140625
3930.541259765625
3858.06005859375
3792.463623046875
3719.64111328125
3649.518310546875
3577.85693359375
3509.553466796875
3440.314453125
3372.557373046875
3308.402099609375
3243.609375
3181.99951171875
3117.16845703125
