20000.0
20000.0
20000.0
20000.0
20000.0
20000.0
20000.0
20000.0
20000.0
20000.0
20000.0
20000.0
20000.0
20000.0
20000.0
20000.0
20000.0
20000.0
20000.0
20000.0
20000.0
20000.0
20000.0
20000.0
20000.0
20000.0
20000.0
20000.0
19999.984375
20000.0
19999.982421875
20000.0
20000.0
20000.0
20000.0
20000.0
20000.0
20000.0
20000.0
19999.859375
20000.0
20000.0
20000.0
20000.0
20000.0
20000.0
20000.0
20000.0
20000.0
20000.0
18989.16796875
17868.796875
16929.931640625
15987.9267578125
15248.51171875
14646.1337890625
14042.611328125
13525.7548828125
12871.705078125
12358.5927734375
11890.369140625
11421.1728515625
10990.6865234375
10576.2890625
10201.57421875
9855.86328125
9545.072265625
9282.6123046875
9004.3037109375
8717.0595703125
8432.2998046875
8179.83447265625
7939.64990234375
7715.34814453125
7504.03173828125
7288.65234375
7088.0830078125
6909.96240234375
6741.94580078125
6594.599609375
6438.47900390625
6298.01123046875
6166.34326171875
6046.96435546875
5933.04931640625
5829.384765625
5741.443359375
5655.10888671875
5574.05712890625
5494.564453125
5420.61962890625
5357.451171875
5291.1669921875
5230.46142578125
5171.4208984375
5117.17724609375
5064.1103515625
5013.80712890625
4967.4560546875
4921.93359375
4881.26220703125
4841.248046875
4802.93603515625
4769.66796875
4734.44580078125
4701.9111328125
4669.8310546875
4640.19140625
4611.08251953125
4583.47119140625
4557.8408203125
4532.0283203125
4507.1826171875
4480.15283203125
4451.65966796875
4425.30322265625
4395.54638671875
4366.2998046875
4306.25146484375
4242.7841796875
4176.9580078125
4110.5419921875
4046.24267578125
3980.43701171875
3917.70458984375
3854.007080078125
