20000.0
20000.0
20000.0
20000.0
19999.998046875
20000.0
20000.0
20000.0
20000.0
20000.0
20000.0
20000.0
20000.0
20000.0
20000.0
20000.0
20000.0
20000.0
20000.0
20000.0
20000.0
20000.0
20000.0
20000.0
20000.0
20000.0
20000.0
20000.0
19999.927734375
20000.0
20000.0
20000.0
20000.0
19999.9921875
20000.0
19999.998046875
20000.0
20000.0
20000.0
20000.0
20000.0
20000.0
20000.0
20000.0
20000.0
20000.0
20000.0
19393.490234375
18298.095703125
17264.275390625
16300.78125
15567.994140625
14770.6552734375
14119.1328125
13531.978515625
13042.1904296875
12522.279296875
11968.072265625
11514.8408203125
11089.9072265625
10688.435546875
10294.6630859375
9931.6220703125
9605.8642578125
9279.884765625
9004.345703125
8747.0625
8506.658203125
8299.2529296875
8078.39990234375
7861.6416015625
7642.0478515625
7447.41796875
7266.08935546875
7090.11279296875
6925.1923828125
6766.28515625
6625.7646484375
6491.1171875
6364.87109375
6258.943359375
6156.75390625
6062.919921875
5968.9169921875
5885.7578125
5804.90576171875
5728.73486328125
5659.0185546875
5591.22998046875
5529.1826171875
5468.3720703125
5411.00927734375
5361.591796875
5309.75390625
5261.9794921875
5214.4697265625
5169.92138671875
5123.029296875
5074.19189453125
5025.5859375
4974.42724609375
4910.18310546875
4808.4248046875
4711.85205078125
4627.59130859375
4536.21728515625
4450.0048828125
4362.82958984375
4280.216796875
4195.1875
4109.69384765625
4026.704345703125
3941.48388671875
3859.71142578125
3776.356689453125
3694.9345703125
3623.03173828125
3545.27783203125
3471.47705078125
3393.982421875
3320.81689453125
3248.241455078125
3178.557861328125
3113.5048828125
3048.587158203125
2987.77685546875
2926.6982421875
