20000.0
20000.0
20000.0
20000.0
20000.0
20000.0
20000.0
20000.0
20000.0
20000.0
20000.0
20000.0
20000.0
20000.0
20000.0
20000.0
20000.0
20000.0
20000.0
20000.0
20000.0
20000.0
20000.0
20000.0
20000.0
20000.0
20000.0
20000.0
20000.0
20000.0
20000.0
20000.0
20000.0
19999.998046875
20000.0
20000.0
20000.0
20000.0
20000.0
20000.0
20000.0
20000.0
20000.0
20000.0
20000.0
20000.0234375
19906.58984375
18739.908203125
17599.337890625
16617.4140625
15857.11328125
15042.31640625
14354.5380859375
13742.3076171875
13227.33984375
12669.341796875
12107.7724609375
11647.2158203125
11203.48828125
10784.171875
10377.2138671875
10005.462890625
9647.015625
9330.4677734375
9059.55859375
8801.58203125
8556.2822265625
8343.77734375
8104.2861328125
7876.85693359375
7661.56005859375
7473.080078125
7283.98193359375
7101.451171875
6937.9990234375
6783.71875
6645.0517578125
6511.103515625
6390.13525390625
6292.22509765625
6188.8837890625
6093.0849609375
6002.251953125
5919.35107421875
5839.06982421875
5763.39794921875
5694.39404296875
5626.89990234375
5565.2578125
5504.95654296875
5447.88623046875
5398.86962890625
5346.83544921875
5298.29443359375
5248.8388671875
5198.7685546875
5145.35498046875
5091.0751953125
5033.21044921875
4927.111328125
4826.77392578125
4727.26171875
4631.17919921875
4546.923828125
4456.31298828125
4370.669921875
4282.609375
4196.9130859375
4107.9716796875
4019.296630859375
3933.922607421875
3847.604736328125
3765.885498046875
3683.46435546875
3603.005615234375
3531.712158203125
3451.497802734375
3375.789794921875
3300.673828125
3230.84130859375
3161.33154296875
3094.249755859375
3031.461181640625
2968.35302734375
2908.635009765625
2848.5810546875
