20000.0
20000.0
20000.0
20000.0
20000.0
20000.0
20000.0
20000.0
20000.0
20000.0
20000.0
20000.0
20000.0
20000.0
20000.0
20000.0
20000.0
20000.0
20000.0
20000.0
20000.0
20000.0
20000.0
20000.0
20000.0
20000.0
20000.0
20000.0
19999.853515625
20000.0
19999.921875
20000.0
20000.0
20000.0
19999.998046875
20000.0
20000.0
20000.0
20000.0
20000.0
20000.0
20000.0
20000.0
20000.0
19999.974609375
20000.0
20000.0
20000.0
19133.55078125
18025.689453125
17067.333984375
16242.8662109375
15475.015625
14870.810546875
14309.95703125
13712.6923828125
13238.7685546875
12815.876953125
12313.3173828125
11842.734375
11461.0458984375
11104.5390625
10727.4873046875
10367.8955078125
10033.6748046875
9743.0458984375
9468.263671875
9221.9931640625
9017.7470703125
8793.6923828125
8579.0810546875
8365.962890625
8186.4833984375
8006.7333984375
7828.47314453125
7661.9501953125
7501.90673828125
7358.4560546875
7219.68701171875
7088.65673828125
6978.8173828125
6870.67626953125
6770.6259765625
6671.4931640625
6581.32275390625
6493.220703125
6409.5029296875
6332.037109375
6255.01904296875
6182.73779296875
6104.7109375
6025.05908203125
5951.7978515625
5850.01708984375
5707.8515625
5562.85205078125
5424.5654296875
5285.98046875
5152.83935546875
5029.14208984375
4905.07861328125
4793.19873046875
4680.0380859375
4569.57666015625
4471.701171875
4365.7822265625
4265.72802734375
4165.03125
4069.763671875
3970.34326171875
3872.260498046875
3780.84619140625
3689.9736328125
3605.038330078125
3519.4970703125
3436.076416015625
3362.26416015625
3281.8515625
3205.56982421875
3128.987060546875
3057.109375
2985.15625
2915.459228515625
2850.40087890625
2785.970458984375
2726.720703125
2667.93310546875
