20000.0
20000.0
20000.0
20000.0
20000.0
20000.0
20000.0
20000.0
20000.0
20000.0
20000.0
20000.0
20000.0
20000.0
20000.0
20000.0
20000.0
20000.0
20000.0
20000.0
20000.0
20000.0
20000.0
20000.0
20000.0
20000.0
20000.0
20000.0
19999.98046875
19999.994140625
20000.0
20000.0
20000.0
20000.0
20000.0
20000.0
20000.0
20000.0
19999.998046875
20000.0
20000.0
20000.0
20000.0
20000.0
20000.0
20000.0
20000.0
20000.0
19082.5859375
17951.1484375
16976.322265625
16138.814453125
15427.814453125
14816.30078125
14167.7861328125
13571.4501953125
13125.359375
12681.1103515625
12139.6943359375
11696.5517578125
11308.9599609375
10929.6318359375
10552.6611328125
10195.1142578125
9862.0966796875
9568.068359375
9302.0576171875
9062.9580078125
8860.0595703125
8636.5791015625
8420.2529296875
8203.958984375
8019.9609375
7838.7548828125
7659.6611328125
7490.767578125
7330.6328125
7187.22021484375
7048.59619140625
6918.48046875
6810.2587890625
6703.20556640625
6603.89453125
6505.90673828125
6416.80029296875
6329.80810546875
6247.38671875
6171.9462890625
6097.9833984375
6029.69140625
5961.3173828125
5891.28955078125
5826.04248046875
5752.28173828125
5680.0810546875
5546.68603515625
5418.5927734375
5285.33203125
5154.93359375
5032.697265625
4911.46142578125
4803.31591796875
4695.939453125
4590.14794921875
4495.5302734375
4392.1123046875
4293.6884765625
4194.24267578125
4100.267578125
4005.4814453125
3912.70068359375
3821.156005859375
3728.878662109375
3642.783935546875
3556.194091796875
3472.7216796875
3399.53515625
3320.94091796875
3246.44921875
3171.103271484375
3099.846435546875
3028.26806640625
2958.88427734375
2893.87451171875
2828.84521484375
2768.13134765625
2708.010986328125
