20000.0
20000.0
20000.0
20000.0
20000.0
20000.0
20000.0
20000.0
20000.0
20000.0
20000.0
20000.0
20000.0
20000.0
20000.0
20000.0
20000.0
20000.0
20000.0
20000.0
20000.0
20000.0
20000.0
20000.0
20000.0
19999.625
20000.0
19999.546875
20000.0
20000.0
20000.0
20000.0
20000.0
20000.0
19999.9765625
19999.97265625
20000.0
20000.0
20000.0
20000.0
20000.0
20000.0
20000.0
20000.0
19999.998046875
20000.0
20000.0
19227.068359375
18022.888671875
16988.6484375
16184.798828125
15382.068359375
14643.5498046875
14003.2919921875
13454.26953125
12917.58203125
12326.8408203125
11853.5517578125
11401.8779296875
10973.5712890625
10555.9921875
10161.90234375
9799.4775390625
9479.7265625
9208.43359375
8948.169921875
8699.5068359375
8478.1953125
8231.9248046875
8001.0712890625
7792.34814453125
7599.814453125
7405.51318359375
7221.06640625
7059.1025390625
6904.69921875
6764.94091796875
6630.91845703125
6514.05908203125
6414.75146484375
6309.3037109375
6213.7802734375
6121.9453125
6038.384765625
5957.0869140625
5880.58837890625
5810.794921875
5742.40576171875
5679.82861328125
5618.4970703125
5559.96875
5509.06591796875
5452.86669921875
5396.2080078125
5336.181640625
5277.4482421875
5194.4599609375
5080.3154296875
4971.31396484375
4859.1220703125
4758.16748046875
4658.20654296875
4562.2607421875
4477.65673828125
4384.166015625
4293.21826171875
4199.14697265625
4108.88671875
4016.263916015625
3925.610595703125
3839.965576171875
3753.6162109375
3672.105712890625
3587.140869140625
3503.146484375
3430.096923828125
3352.54833984375
3280.291015625
3208.263427734375
3140.834716796875
3073.204833984375
3007.0498046875
2944.447509765625
2881.70751953125
2822.760986328125
2764.058349609375
