20000.0
20000.0
20000.0
20000.0
20000.0
20000.0
20000.0
20000.0
20000.0
20000.0
20000.0
20000.0
20000.0
20000.0
20000.0
20000.0
20000.0
20000.0
20000.0
20000.0
20000.0
20000.0
20000.0
20000.0
20000.0
19999.85546875
19999.8359375
20000.0
20000.0
20000.0
20000.0
20000.0
20000.0
20000.0
20000.0
19999.998046875
20000.0
19999.958984375
20000.0
20000.0
20000.0
20000.0
20000.0
20000.0
20000.0
20000.0
20000.0
20000.0
20000.0
20000.0
20000.0
20000.0
19441.705078125
17831.50390625
16519.37890625
15236.0654296875
14217.810546875
13312.8974609375
12551.513671875
11828.037109375
11164.650390625
10609.1845703125
10087.7841796875
9640.8515625
9236.7958984375
8894.634765625
8619.037109375
8343.5166015625
8100.30322265625
7870.498046875
7664.25830078125
7462.86328125
7276.80126953125
7110.50146484375
6947.32666015625
6796.02001953125
6639.8779296875
6438.13330078125
6267.5869140625
6081.77587890625
5907.15966796875
5734.2392578125
5574.7470703125
5419.8857421875
5274.33056640625
5138.03955078125
4999.73388671875
4868.28662109375
4735.5830078125
4606.8291015625
4493.86962890625
4373.07666015625
4259.7138671875
4141.83935546875
4031.416748046875
3922.980224609375
3820.028564453125
3725.337646484375
3632.271484375
3546.0029296875
3460.162353515625
3377.468505859375
3305.671875
3229.71142578125
3159.37890625
3089.851806640625
3024.0263671875
2959.64599609375
2898.193115234375
2841.411376953125
2785.8798828125
2734.623779296875
2683.755859375
2634.7646484375
2591.901123046875
2546.021484375
2503.058349609375
2460.103271484375
2419.750732421875
2379.1728515625
2339.813720703125
2302.856201171875
2265.794189453125
2230.959716796875
2195.98291015625
