20000.0
20000.0
20000.0
20000.0
20000.0
20000.0
20000.0
20000.0
20000.0
20000.0
20000.0
20000.0
20000.0
20000.0
20000.0
20000.0
20000.0
20000.0
20000.0
20000.0
20000.0
20000.0
20000.0
20000.0
20000.0
20000.0
20000.0
20000.0
19999.8203125
20000.0
20000.0
20000.0
20000.0
19999.998046875
20000.0
20000.0
20000.0
20000.0
20000.0
20000.0
19999.998046875
19999.99609375
19999.908203125
20000.0
19999.998046875
20000.0
20000.0
19999.87109375
20000.0
20000.0
20000.0
20000.0
20000.0
20000.0
19015.166015625
17908.259765625
16861.392578125
15767.7333984375
14803.337890625
13892.6318359375
13126.1259765625
12468.4130859375
11866.0751953125
11306.4248046875
10752.25390625
10208.3740234375
9680.5849609375
9225.0595703125
8856.013671875
8467.779296875
8126.51220703125
7817.0419921875
7539.2509765625
7273.6845703125
7037.00830078125
6829.59423828125
6640.30419921875
6479.966796875
6324.7275390625
6179.71484375
6057.10205078125
5930.43017578125
5815.62451171875
5704.39892578125
5604.978515625
5510.08154296875
5424.705078125
5347.46142578125
5273.1552734375
5206.15283203125
5141.7646484375
5082.0048828125
5032.240234375
4981.2880859375
4935.22265625
4890.6181640625
4850.0830078125
4810.80078125
4773.82470703125
4740.1669921875
4707.41455078125
4677.396484375
4647.9375
4619.74609375
4593.828125
4564.60107421875
4535.92041015625
4506.01806640625
4476.95703125
4419.74072265625
4357.85498046875
4300.37158203125
4239.58544921875
4179.78271484375
4117.70068359375
4056.029296875
4001.015869140625
3941.146240234375
3883.84521484375
3824.8681640625
3767.4951171875
3708.135986328125
3649.027587890625
3592.177490234375
3534.144775390625
3478.846435546875
3422.828857421875
