20000.0
20000.0
20000.0
20000.0
20000.0
20000.0
20000.0
20000.0
20000.0
20000.0
20000.0
20000.0
20000.0
20000.0
20000.0
20000.0
20000.0
20000.0
20000.0
20000.0
20000.0
20000.0
20000.0
20000.0
20000.0
20000.0
20000.0
20000.0
20000.0
19999.849609375
20000.0
20000.0
20000.0
19999.9921875
20000.0
20000.0
19999.984375
19999.998046875
20000.0
20000.0
20000.0
20000.0
20000.0
20000.0
19999.998046875
20000.0
20000.0
20000.0
20000.0
20000.0
19166.919921875
17924.962890625
16883.408203125
15899.8486328125
14884.978515625
13997.580078125
13168.3203125
12490.5595703125
11839.650390625
11290.0380859375
10769.1103515625
10289.0712890625
9770.166015625
9300.0107421875
8901.544921875
8524.2041015625
8173.392578125
7850.29638671875
7563.1376953125
7317.626953125
7069.42333984375
6855.41845703125
6655.0751953125
6484.2666015625
6330.27490234375
6185.453125
6055.7158203125
5932.11181640625
5820.37841796875
5712.23681640625
5611.3857421875
5526.20068359375
5437.68017578125
5357.0927734375
5280.07763671875
5210.8994140625
5145.72265625
5085.7490234375
5031.4228515625
4979.03564453125
4931.60693359375
4885.73974609375
4842.822265625
4806.24755859375
4768.78515625
4734.70556640625
4701.2197265625
4668.208984375
4633.45361328125
4598.1240234375
4563.6572265625
4518.03857421875
4447.5498046875
4375.88427734375
4303.50537109375
4237.5400390625
4164.58837890625
4094.77392578125
4023.802001953125
3956.100830078125
3886.462646484375
3816.38525390625
3748.16650390625
3678.058349609375
3611.135009765625
3543.3642578125
3477.203125
3418.914306640625
3355.859130859375
3296.1845703125
3235.38720703125
3175.630615234375
3115.384765625
3057.481689453125
3003.54541015625
2949.8203125
2899.524169921875
2849.234130859375
