20000.0
20000.0
20000.0
19999.9765625
20000.0
20000.0
20000.0
20000.0
20000.0
20000.0
20000.0
20000.0
20000.0
20000.0
20000.0
20000.0
20000.0
20000.0
20000.0
20000.0
20000.0
20000.0
20000.0
19999.97265625
20000.0
20000.0
20000.0
19999.9765625
20000.0
20000.0
20000.0
19999.998046875
20000.0
20000.0
20000.0
20000.0
20000.0
20000.0
20000.0
20000.0
20000.0
20000.0
20000.0
20000.0
20000.0
19809.60546875
18348.69921875
17140.83984375
16174.5498046875
15341.0849609375
14588.1572265625
13741.865234375
13046.8408203125
12434.287109375
11800.8291015625
11245.0126953125
10748.541015625
10326.5068359375
9917.072265625
9490.0
9112.69140625
8758.208984375
8443.41796875
8127.3720703125
7824.0517578125
7585.72021484375
7341.248046875
7115.49365234375
6899.97998046875
6711.767578125
6535.75146484375
6374.95849609375
6242.73486328125
6115.05224609375
5997.60400390625
5886.654296875
5782.96875
5695.279296875
5604.58740234375
5522.45849609375
5442.9951171875
5370.6494140625
5300.09912109375
5233.69873046875
5173.35595703125
5114.9482421875
5061.88427734375
5009.40185546875
4960.1044921875
4919.03173828125
4876.6103515625
4837.6044921875
4799.35498046875
4763.89453125
4727.64013671875
4690.30126953125
4653.40185546875
4615.66455078125
4579.07568359375
4512.7109375
4437.32568359375
4368.89208984375
4292.1640625
4217.87939453125
4142.00244140625
4069.953369140625
3996.843994140625
3924.082763671875
3853.217041015625
3779.621826171875
3708.643310546875
3636.1376953125
3564.83642578125
3501.66943359375
3433.346923828125
3368.795654296875
3303.871826171875
3241.806396484375
3177.136474609375
3114.496337890625
3056.255126953125
2998.473388671875
2944.553955078125
2890.792724609375
