20000.0
20000.0
20000.0
20000.0
19999.998046875
20000.0
20000.0
20000.0
20000.0
20000.0
20000.0
20000.0
20000.0
20000.0
20000.0
20000.0
20000.0
20000.0
20000.0
20000.0
20000.0
20000.0
20000.0
20000.0
19999.998046875
19999.255859375
20000.013671875
20000.0
20000.0
20000.0
20000.0
19999.9921875
19999.994140625
20000.0
20000.0
20000.0
20000.0
20000.0
20000.0
20000.0
20000.0
20000.0
20000.0
20000.0
20000.0
20000.0
19999.974609375
19222.109375
18050.736328125
16985.505859375
16130.9521484375
15247.97265625
14559.6015625
13938.171875
13391.87109375
12761.4111328125
12207.3505859375
11734.4873046875
11254.7255859375
10816.7548828125
10400.185546875
10017.3056640625
9664.724609375
9346.7216796875
9069.4130859375
8800.796875
8546.7109375
8320.3349609375
8070.12255859375
7835.17431640625
7627.81640625
7434.98388671875
7241.19677734375
7058.8681640625
6899.15283203125
6746.732421875
6608.9287109375
6478.11669921875
6364.25341796875
6265.95166015625
6163.05078125
6070.95068359375
5981.38623046875
5899.8212890625
5820.78076171875
5746.2900390625
5678.44775390625
5612.32080078125
5551.86572265625
5492.564453125
5436.35791015625
5387.79052734375
5336.07470703125
5286.640625
5233.24462890625
5180.16064453125
5124.55322265625
5060.62890625
4956.53076171875
4851.57958984375
4754.1171875
4656.671875
4562.31982421875
4479.36083984375
4389.671875
4303.47998046875
4213.34814453125
4125.6982421875
4035.882080078125
3947.45361328125
3863.59765625
3778.87353515625
3698.83447265625
3618.14306640625
3539.046875
3466.350830078125
3388.007568359375
3315.216796875
3243.04541015625
3175.73681640625
3108.611083984375
3043.827392578125
2982.573486328125
2920.8837890625
2862.678955078125
2804.311767578125
