20000.0
20000.0
20000.0
20000.0
20000.0
20000.0
20000.0
20000.0
20000.0
20000.0
20000.0
20000.0
20000.0
20000.0
20000.0
20000.0
20000.0
20000.0
20000.0
20000.0
20000.0
20000.0
19999.994140625
20000.0
20000.0
20000.0
20000.0
20000.0
20000.0
20000.0
20000.0
20000.0
20000.0
20000.0
20000.0
19999.998046875
20000.0
20000.01171875
20000.0
20000.0
20000.0
20000.0
20000.0
20000.0
19999.998046875
19497.5
18415.78515625
17486.392578125
16604.552734375
15812.333984375
15112.15625
14498.9765625
13912.8369140625
13411.923828125
12985.5478515625
12598.0732421875
12274.25
11939.7880859375
11637.2822265625
11283.16796875
10899.46875
10586.650390625
10318.8583984375
10073.3564453125
9821.0
9591.40234375
9353.9296875
9118.1943359375
8920.2900390625
8721.7998046875
8539.810546875
8357.3564453125
8185.2958984375
8016.3115234375
7858.560546875
7712.39306640625
7572.76611328125
7448.91162109375
7320.47900390625
7190.955078125
7076.31787109375
6957.0380859375
6849.5244140625
6745.22265625
6648.541015625
6552.98583984375
6462.70556640625
6384.90966796875
6306.87939453125
6233.31201171875
6161.462890625
6093.21923828125
6034.17919921875
5971.533203125
5912.87060546875
5853.7958984375
5797.42041015625
5734.24462890625
5668.49560546875
5603.380859375
5522.51220703125
5397.525390625
5270.15869140625
5144.0048828125
5032.6591796875
4913.78173828125
4803.10302734375
4694.58935546875
4596.029296875
4495.63037109375
4396.74658203125
4302.29443359375
4206.46630859375
4115.69921875
4023.90380859375
3934.245849609375
3854.9453125
3764.9638671875
3679.731689453125
3594.985595703125
3515.79296875
3436.67822265625
3359.938720703125
3287.617431640625
3214.3427734375
3144.42919921875
3073.433837890625
