20000.0
20000.0
20000.0
20000.0
20000.0
20000.0
20000.0
20000.0
20000.0
20000.0
20000.0
20000.0
20000.0
20000.0
19999.998046875
20000.0
20000.0
20000.0
20000.0
20000.0
20000.0
20000.0
20000.0
20000.0
20000.0
20000.0
19999.986328125
20000.0
20000.0
19999.984375
19999.998046875
20000.0
20000.0
19999.998046875
20000.0
20000.0
20000.0
20000.0
19999.998046875
20000.0
19999.998046875
20000.0
19285.26171875
18321.171875
17405.2109375
16596.880859375
15866.791015625
15269.9638671875
14701.7939453125
14127.462890625
13634.99609375
13177.88671875
12773.8916015625
12379.056640625
12012.99609375
11704.4111328125
11428.796875
11180.8759765625
10938.509765625
10716.033203125
10500.2041015625
10297.771484375
10112.0947265625
9929.40234375
9757.037109375
9573.1572265625
9403.7001953125
9260.4189453125
9112.01953125
8975.3955078125
8840.025390625
8714.345703125
8556.0546875
8416.044921875
8299.4267578125
8172.32666015625
8056.6220703125
7946.076171875
7814.80517578125
7684.01708984375
7558.11328125
7445.52490234375
7343.642578125
7249.05224609375
7150.931640625
7047.68994140625
6947.552734375
6846.91015625
6756.73486328125
6669.1884765625
6585.30810546875
6513.11962890625
6438.68310546875
6373.39404296875
6312.501953125
6254.27392578125
6193.2265625
6126.75244140625
6059.51611328125
5987.59033203125
5883.63037109375
5743.67138671875
5615.0673828125
5497.076171875
5367.91455078125
5246.98193359375
5127.10888671875
5015.29833984375
4903.4189453125
4794.68359375
4691.86474609375
4588.53515625
4496.7451171875
4403.1259765625
4312.55810546875
4232.43994140625
4145.52587890625
4062.356201171875
3974.6083984375
3892.09130859375
3809.641845703125
3729.593505859375
3654.05908203125
3577.802490234375
3505.570068359375
3432.45947265625
