20000.0
20000.0
20000.0
20000.0
20000.0
20000.0
20000.0
20000.0
20000.0
20000.0
20000.0
20000.0
20000.0
20000.0
20000.0
19999.9921875
20000.0
20000.0
20000.0
20000.0
20000.0
20000.0
20000.0
20000.0
20000.0
20000.0
20000.0
20000.0
20000.0
20000.0
20000.0
20000.0
20000.0
20000.0
20000.0
20000.0
20000.0
20000.0
19999.994140625
20000.0
20000.0
19999.998046875
20000.0
20000.0
20000.0
20000.0
20000.0
19484.923828125
18543.025390625
17731.005859375
16985.908203125
16329.4287109375
15695.25390625
15130.439453125
14668.357421875
14237.6689453125
13830.8642578125
13387.5966796875
12997.3779296875
12630.56640625
12291.525390625
11985.2802734375
11697.6240234375
11464.2783203125
11232.2333984375
11008.197265625
10815.0078125
10612.517578125
10426.5400390625
10242.7470703125
10072.8642578125
9905.408203125
9745.4482421875
9597.8232421875
9452.140625
9316.748046875
9182.5146484375
9052.505859375
8927.48046875
8795.7431640625
8675.748046875
8557.75390625
8447.3173828125
8306.208984375
8182.185546875
8077.7978515625
7981.4619140625
7890.33740234375
7793.07373046875
7700.97021484375
7610.81396484375
7504.58154296875
7405.552734375
7304.25537109375
7207.2705078125
7111.86962890625
7024.58447265625
6946.41357421875
6869.8232421875
6797.6298828125
6726.80126953125
6654.26220703125
6586.27001953125
6510.12353515625
6437.58837890625
6364.59423828125
6297.21728515625
6232.27734375
6171.4892578125
6115.25390625
6059.01513671875
6005.1689453125
5950.470703125
5897.79541015625
5852.81005859375
5809.26904296875
5768.2607421875
5726.85888671875
5687.7958984375
5648.2919921875
5609.32275390625
5571.8115234375
5530.68505859375
5488.0771484375
5441.98486328125
