20000.0
19999.951171875
20000.0
20000.0
20000.0
20000.0
20000.0
20000.0
20000.0
20000.0
20000.0
20000.0
20000.0
20000.0
20000.0
20000.0
20000.0
20000.0
20000.0
20000.0
20000.0
20000.0
20000.0
20000.0
20000.0
20000.0
20000.0
20000.0
19999.80859375
20000.0
19999.994140625
20000.0
20000.0
20000.0
20000.0
20000.0
20000.0
20000.0
19999.91015625
20000.0
20000.0
20000.0
20000.0
20000.0
20000.0
19784.060546875
18799.099609375
17841.5
17025.2109375
16271.5185546875
15583.255859375
14969.892578125
14403.876953125
13927.2275390625
13493.3876953125
13075.8603515625
12678.5419921875
12280.24609375
11934.77734375
11649.4150390625
11391.5947265625
11136.6572265625
10892.533203125
10661.8681640625
10433.173828125
10224.7783203125
10023.6005859375
9834.013671875
9670.326171875
9497.134765625
9336.5234375
9178.0205078125
9033.1650390625
8889.82421875
8742.8447265625
8578.013671875
8406.6650390625
8268.369140625
8143.25830078125
8016.71435546875
7895.09375
7770.49755859375
7659.26953125
7551.1416015625
7442.62353515625
7330.751953125
7221.49560546875
7119.47900390625
7021.1044921875
6931.10693359375
6840.9365234375
6751.44140625
6671.8017578125
6583.9453125
6500.55322265625
6421.716796875
6352.04833984375
6280.94873046875
6208.8427734375
6138.82275390625
6067.3095703125
6000.54931640625
5935.369140625
5873.8505859375
5820.45703125
5762.9921875
5708.47705078125
5653.494140625
5601.80517578125
5553.55810546875
5508.599609375
5466.38623046875
5423.6630859375
5384.17919921875
5345.15185546875
5306.62890625
5272.27392578125
5234.65771484375
5196.07568359375
5153.39794921875
5110.33056640625
5064.4677734375
5017.51318359375
4927.13671875
4832.66015625
4744.09716796875
4653.1689453125
