20000.0
19999.904296875
20000.0
20000.0
20000.0
20000.0
20000.0
20000.0
19999.998046875
20000.0
20000.0
20000.0
20000.0
20000.0
20000.0
20000.0
20000.0
20000.0
20000.0
20000.0
19999.99609375
20000.0
20000.0
20000.0
20000.0
20000.0
20000.0
20000.0
20000.0
20000.0
19999.984375
20000.0
19999.998046875
20000.0
20000.0
20000.0
20000.0
20000.0
20000.0
19687.82421875
18673.904296875
17737.654296875
16935.34765625
16121.8994140625
15431.1533203125
14784.22265625
14194.8017578125
13648.4306640625
13183.521484375
12780.1669921875
12384.0478515625
11982.8798828125
11611.3642578125
11321.5673828125
11076.2001953125
10818.1240234375
10581.2158203125
10345.60546875
10125.2841796875
9908.970703125
9706.689453125
9522.490234375
9341.6708984375
9174.7509765625
9010.37109375
8854.759765625
8721.6806640625
8580.1142578125
8430.28515625
8255.8212890625
8102.55419921875
7968.7236328125
7848.24560546875
7742.69580078125
7604.533203125
7487.1875
7380.04296875
7270.03125
7170.31787109375
7063.19140625
6961.00341796875
6860.61279296875
6768.68896484375
6677.52001953125
6587.7412109375
6500.57421875
6409.60546875
6330.05908203125
6253.076171875
6177.11865234375
6108.0703125
6033.2099609375
5962.9462890625
5893.37890625
5830.49853515625
5768.52685546875
5707.7158203125
5649.896484375
5591.8232421875
5539.49169921875
5492.279296875
5446.8671875
5407.076171875
5364.033203125
5323.48193359375
5282.240234375
5240.126953125
5193.06494140625
5143.763671875
5094.55517578125
5030.4892578125
4927.50048828125
4826.99658203125
4727.3955078125
4638.18212890625
4541.861328125
4453.60595703125
4370.3837890625
4292.42578125
4214.0732421875
4136.7109375
4061.5693359375
3984.92041015625
3911.529296875
3836.741943359375
