20000.0
20000.0
20000.0
20000.0
20000.0
20000.0
20000.0
20000.0
20000.0
20000.0
20000.0
20000.0
20000.0
20000.0
20000.0
20000.0
20000.0
20000.0
20000.0
20000.0
20000.0
20000.0
20000.0
20000.0
20000.0
20000.0
19996.720703125
20000.0
20000.0
20000.0
20000.0
20000.0
20000.0
19999.998046875
19999.97265625
20000.0
20000.0
19999.998046875
20000.0
20000.0
20000.0
19137.111328125
18042.23046875
17185.703125
16341.095703125
15590.751953125
14907.0302734375
14319.908203125
13814.7578125
13328.662109375
12844.3662109375
12395.9814453125
12004.9150390625
11684.9697265625
11390.4189453125
11135.365234375
10860.5341796875
10604.708984375
10357.2822265625
10135.27734375
9920.482421875
9717.015625
9529.6376953125
9345.548828125
9176.3037109375
9011.4111328125
8853.896484375
8689.9208984375
8491.8369140625
8331.0771484375
8188.62744140625
8053.943359375
7902.4658203125
7765.146484375
7646.0185546875
7519.7822265625
7397.02197265625
7273.47021484375
7153.5244140625
7053.3427734375
6946.77392578125
6847.21044921875
6747.35205078125
6652.34765625
6556.46240234375
6464.310546875
6386.8447265625
6308.17333984375
6230.47216796875
6149.6240234375
6069.5595703125
6000.0185546875
5927.81494140625
5862.25390625
5797.20849609375
5735.9609375
5674.212890625
5614.9501953125
5561.22509765625
5510.6845703125
5463.26953125
5415.3994140625
5369.9541015625
5330.58837890625
5288.48974609375
5248.3798828125
5207.33447265625
5166.486328125
5120.91015625
5072.97216796875
5025.07275390625
4974.3095703125
4874.71533203125
4774.5771484375
4674.912109375
4585.92138671875
4489.96142578125
4406.3544921875
4322.87158203125
4244.916015625
4165.49462890625
4086.544189453125
4010.5107421875
3932.590576171875
3858.10546875
3782.396484375
