20000.0
19999.998046875
20000.0
20000.0
20000.0
20000.0
20000.0
20000.0
20000.0
20000.0
20000.0
20000.0
20000.0
20000.0
20000.0
20000.0
20000.0
20000.0
20000.0
20000.0
20000.0
20000.0
20000.0
20000.0
20000.0
20000.0
20000.0
20000.0
20000.0
20000.0
19999.939453125
19999.998046875
19999.998046875
19999.892578125
20000.0
20000.0
20000.0
20000.0
20000.0
20000.0
19999.99609375
20000.0
20000.0
20000.0
20000.0
20000.0
20000.0
20000.0
20000.0
19215.953125
18353.6171875
17530.275390625
16824.107421875
16161.53515625
15545.3017578125
15033.7333984375
14522.71875
14111.0927734375
13706.7607421875
13313.0634765625
12907.462890625
12538.388671875
12210.1171875
11908.1787109375
11668.9599609375
11432.447265625
11200.7451171875
10997.1962890625
10781.423828125
10582.92578125
10390.34375
10214.03125
10040.1298828125
9873.5888671875
9719.177734375
9567.0810546875
9426.345703125
9287.6796875
9154.5029296875
9038.015625
8890.0615234375
8725.5751953125
8577.8271484375
8455.751953125
8341.93359375
8236.826171875
8117.99169921875
8000.31201171875
7897.85595703125
7800.4619140625
7700.65966796875
7607.65576171875
7506.09228515625
7409.04443359375
7309.89697265625
7217.6796875
7128.65087890625
7043.58251953125
6961.38232421875
6875.28857421875
6794.26904296875
6718.00927734375
6643.89697265625
6577.68310546875
6504.384765625
6434.2509765625
6364.39453125
6298.9765625
6235.79296875
6175.56884765625
6118.458984375
6060.33544921875
6005.474609375
5950.96533203125
5899.84619140625
5859.4755859375
5816.6357421875
5775.8388671875
5733.81884765625
5693.84375
5653.064453125
5608.2861328125
5562.7978515625
5513.7568359375
5465.1005859375
5406.34814453125
