20000.0
20000.0
20000.0
20000.0
20000.0
20000.0
20000.0
20000.0
20000.0
20000.0
20000.0
20000.0
20000.0
20000.0
20000.0
20000.0
20000.0
20000.0
20000.0
20000.0
20000.0
20000.0
20000.0
20000.0
20000.0
20000.0
20000.0
20000.0
20000.0
19999.501953125
20000.0
20000.0
20000.0
20000.0
20000.0
19999.982421875
20000.0
20000.0
20000.0
19335.423828125
18345.908203125
17496.71484375
16680.080078125
15976.6171875
15308.736328125
14733.052734375
14242.6181640625
13757.79296875
13288.283203125
12856.375
12477.9970703125
12119.66015625
11778.513671875
11488.482421875
11194.4638671875
10964.646484375
10740.47265625
10533.5087890625
10329.38671875
10136.0009765625
9958.708984375
9784.6826171875
9624.37109375
9466.1923828125
9298.7216796875
9157.6103515625
9012.16015625
8881.1611328125
8753.3095703125
8635.703125
8518.6240234375
8405.064453125
8297.677734375
8189.0947265625
8084.38671875
7979.294921875
7869.76904296875
7756.88134765625
7648.60107421875
7544.37939453125
7448.0107421875
7366.53759765625
7289.70849609375
7204.4189453125
7120.8662109375
7026.42529296875
6932.9111328125
6838.5185546875
6746.37353515625
6657.38818359375
6571.40625
6492.04541015625
6414.1611328125
6341.5947265625
6273.9462890625
6208.68603515625
6140.68603515625
6068.21240234375
5997.07861328125
5887.25390625
5747.6650390625
5631.92529296875
5510.54052734375
5391.55615234375
5270.62548828125
5157.4189453125
5044.96533203125
4936.1298828125
4834.73974609375
4734.00732421875
4638.919921875
4542.3564453125
4454.2021484375
4375.7578125
4291.28369140625
4211.169921875
4129.97900390625
4051.7998046875
3969.393310546875
3888.471923828125
3812.92822265625
3737.029052734375
3665.23974609375
3592.55615234375
