20000.0
19998.166015625
20000.0
20000.0
20000.0
20000.0
20000.0
20000.0
20000.0
20000.0
20000.0
20000.0
20000.0
20000.0
20000.0
20000.0
20000.0
20000.0
20000.0
20000.0
20000.0
20000.0
20000.0
20000.0
20000.0
20000.0
20000.0
20000.0
19999.9921875
20000.0
20000.0
20000.0
19999.998046875
20000.0
20000.0
20000.0
20000.0
20000.0
19999.998046875
20000.0
20000.0
20000.0
19440.533203125
18493.0859375
17574.732421875
16794.904296875
16063.5830078125
15438.3056640625
14904.88671875
14359.6435546875
13860.1318359375
13403.044921875
13003.763671875
12614.3837890625
12251.3125
11947.236328125
11632.0341796875
11348.490234375
11109.419921875
10893.5380859375
10682.8515625
10483.1533203125
10299.25390625
10119.0908203125
9948.1826171875
9768.36328125
9602.7421875
9464.8154296875
9321.6796875
9189.150390625
9057.984375
8934.626953125
8810.3662109375
8688.8544921875
8573.482421875
8453.2626953125
8341.66796875
8227.3203125
8099.1484375
7991.4765625
7879.0908203125
7790.638671875
7708.39794921875
7617.6376953125
7505.6591796875
7388.69287109375
7277.8232421875
7172.54052734375
7079.04833984375
6987.203125
6887.0732421875
6797.9892578125
6706.857421875
6622.44921875
6534.6044921875
6447.74560546875
6298.8857421875
6139.88671875
6002.3154296875
5866.3916015625
5732.4599609375
5596.34423828125
5465.22119140625
5350.3603515625
5228.42431640625
5116.2353515625
5005.0517578125
4899.97705078125
4793.2861328125
4688.56591796875
4590.5517578125
4497.72509765625
4410.30712890625
4321.5537109375
4230.95751953125
4150.9560546875
4065.51513671875
3984.96484375
3903.61181640625
3826.418212890625
3748.136962890625
3671.254150390625
3597.762451171875
3522.2509765625
3449.866943359375
3376.27392578125
