20000.0
20000.0
20000.0
19999.998046875
20000.0
19999.998046875
20000.0
19801.80078125
20000.0
20000.0
20000.0
20000.0
20000.0
20000.0
20000.0
20000.0
20000.0
20000.0
20000.0
20000.0
20000.0
20000.0
20000.0
20000.0
20000.0
20000.0
20000.0
19999.962890625
20000.0
19999.693359375
20000.0
20000.0
20000.0
20000.0
20000.0
20000.0
20000.0
19441.072265625
18609.537109375
17740.08203125
16986.7109375
16297.89453125
15689.4169921875
15048.5302734375
14497.416015625
13978.6025390625
13496.580078125
13050.6748046875
12654.267578125
12327.4970703125
11985.505859375
11638.5087890625
11314.77734375
11020.4443359375
10773.609375
10517.998046875
10283.603515625
10090.8994140625
9913.41796875
9738.330078125
9571.1337890625
9415.3876953125
9260.3642578125
9116.9033203125
8973.298828125
8835.2216796875
8714.8662109375
8586.8564453125
8467.1708984375
8335.4833984375
8215.556640625
8100.1796875
7993.275390625
7896.14697265625
7800.314453125
7710.935546875
7621.04736328125
7533.08203125
7455.0810546875
7369.60400390625
7285.8974609375
7201.861328125
7122.80419921875
7042.97021484375
6965.662109375
6893.63134765625
6822.56591796875
6757.21484375
6691.67578125
6631.81787109375
6580.8486328125
6525.20263671875
6469.01171875
6410.92626953125
6355.97998046875
6296.77490234375
6233.0966796875
6175.23095703125
6116.83740234375
6054.9833984375
5983.3271484375
5912.79345703125
5854.52880859375
5796.07470703125
5740.83349609375
5681.60888671875
5622.490234375
5559.93896484375
5455.81005859375
5340.03076171875
5230.771484375
5134.44384765625
5032.1572265625
4929.8662109375
4839.51025390625
4743.05029296875
4652.97998046875
4563.361328125
4480.48828125
4398.966796875
4325.455078125
4257.0546875
4187.2626953125
4119.97021484375
4050.802001953125
