20000.0
20000.0
20000.0
20000.0
20000.0
20000.0
20000.0
19999.98828125
20000.0
20000.0
20000.0
20000.0
20000.0
20000.0
20000.0
20000.0
20000.0
20000.0
20000.0
20000.0
20000.0
20000.0
20000.0
20000.0
20000.0
20000.0
20000.0
20000.0
20000.0
19999.998046875
19999.994140625
20000.0
20000.0
20000.0
20000.0
19999.998046875
20000.0
20000.0
20000.0
20000.0
20000.0
19105.53125
18157.76953125
17255.265625
16506.38671875
15777.259765625
15136.9228515625
14526.189453125
13998.833984375
13537.130859375
13116.6357421875
12675.759765625
12268.2353515625
11910.0869140625
11570.4580078125
11257.4501953125
10987.80859375
10748.013671875
10529.8359375
10316.6845703125
10118.5107421875
9922.2021484375
9734.6337890625
9561.3623046875
9392.189453125
9237.1376953125
9084.986328125
8939.5859375
8812.1689453125
8661.3076171875
8526.3583984375
8396.2197265625
8278.2109375
8163.63916015625
8053.85498046875
7951.05224609375
7848.052734375
7751.4990234375
7654.67919921875
7560.99609375
7476.83544921875
7386.1162109375
7302.1875
7197.44091796875
7094.41015625
7002.56640625
6920.2216796875
6839.87060546875
6760.1455078125
6683.994140625
6604.58935546875
6523.1162109375
6452.39453125
6376.2109375
6304.64453125
6231.81396484375
6163.0830078125
6093.58837890625
6025.47216796875
5962.05712890625
5900.95703125
5841.12646484375
5785.84326171875
5734.83154296875
5690.1455078125
5639.5
5586.6904296875
5529.52783203125
5472.4140625
5393.33740234375
5274.01416015625
5166.49755859375
5058.9677734375
4954.96923828125
4849.716796875
4748.13232421875
4659.576171875
4564.671875
4475.80078125
4392.8623046875
4314.1484375
4234.32861328125
4155.29638671875
4079.6328125
4002.56103515625
3929.29150390625
3855.074462890625
