20000.0
20000.0
20000.0
20000.0
20000.0
20000.0
20000.0
19999.998046875
20000.0
20000.0
20000.0
20000.0
20000.0
20000.0
20000.0
20000.0
20000.0
20000.0
20000.0
20000.0
20000.0
20000.0
20000.0
20000.0
20000.0
20000.0
20000.0
20000.0
20000.0
20000.0
20000.0
20000.0
20000.0
20000.0
20000.0
20000.0
20000.0
19999.998046875
20000.0
19999.998046875
19876.2734375
18880.02734375
18019.087890625
17154.759765625
16422.037109375
15730.4306640625
15132.2451171875
14613.615234375
14127.134765625
13640.5341796875
13196.8759765625
12810.5244140625
12442.380859375
12093.0966796875
11797.6005859375
11493.5205078125
11218.5615234375
10979.15234375
10770.669921875
10566.7841796875
10373.5537109375
10194.939453125
10019.11328125
9857.1376953125
9687.892578125
9520.2197265625
9380.1826171875
9238.3046875
9108.9189453125
8980.5185546875
8860.2021484375
8740.666015625
8623.6923828125
8513.048828125
8398.33984375
8286.4736328125
8174.99365234375
8065.83251953125
7969.9619140625
7867.70556640625
7764.478515625
7664.72216796875
7580.8857421875
7501.232421875
7415.3017578125
7311.69287109375
7201.00439453125
7098.59228515625
7001.34765625
6911.16845703125
6832.2822265625
6746.99365234375
6663.876953125
6580.15625
6498.17041015625
6398.06396484375
6248.8759765625
6094.45654296875
5951.98876953125
5823.3603515625
5687.59765625
5554.21533203125
5437.65966796875
5313.4150390625
5198.08056640625
5084.91162109375
4981.1650390625
4876.8701171875
4774.49169921875
4676.85205078125
4577.935546875
4490.58447265625
4402.72216796875
4317.58642578125
4239.16064453125
4153.7998046875
4073.79296875
3992.900390625
3915.88037109375
3838.17919921875
3761.94873046875
3689.532470703125
3615.93017578125
3545.26171875
3472.634765625
