25400.0
25400.0
25400.0
25400.0
25400.0
25400.0
25400.0
25400.0
25400.0
25400.0
25400.0
25400.0
25400.0
25400.0
25400.0
25400.0
25400.0
25400.009765625
25400.017578125
25400.0
25400.0
25400.0
25400.0
25400.0
36031.69140625
56331.25390625
71912.9375
85263.796875
95497.015625
103777.1015625
111732.2890625
117930.2109375
122994.125
127130.4609375
130652.6484375
133776.09375
136258.625
138305.0
139994.5
141530.03125
142903.6875
143995.5
145041.5625
146071.984375
146908.0625
147553.0625
148233.546875
148889.859375
152344.21875
153560.15625
150933.421875
155195.796875
161621.015625
170457.234375
176824.0
180808.625
181686.734375
178291.515625
175176.546875
172172.90625
169384.09375
166637.828125
164098.46875
161658.296875
159399.828125
157455.71875
155411.15625
153552.8125
151644.5
149808.5
148100.546875
146514.8125
145047.765625
143583.453125
142311.3125
140978.53125
139593.5
138329.578125
136992.21875
135764.4375
134598.34375
133500.9375
132395.921875
131316.1875
130278.3203125
129266.640625
128345.5625
127617.78125
126897.25
126230.296875
125492.7421875
124781.703125
124056.4140625
123367.109375
122690.1015625
122031.5
121405.90625
120770.9765625
120131.984375
119485.515625
118869.4453125
118344.59375
117882.6640625
117532.90625
117144.7578125
116739.328125
116296.359375
115837.7578125
115380.15625
114887.2421875
114398.3671875
113884.09375
113371.0703125
112864.8984375
112324.75
111828.8359375
111343.9375
110927.1484375
110526.765625
110152.34375
109809.0
109471.546875
109169.0234375
108911.8828125
