20000.0
20000.0
20000.0
20000.0
20000.0
20000.0
20000.0
20000.0
20000.0
20000.0
20000.0
20000.0
20000.0
20000.0
20000.0
20000.0
20000.0
20000.0
20000.0
20000.0
20000.0
20000.0
20000.0
20000.0
20000.0
20000.0
20000.0
20000.0
20000.0
20000.001953125
20000.0
20000.0
20000.0
20000.0
19999.998046875
19999.998046875
20000.0
19999.984375
19999.830078125
20000.0
19997.607421875
20000.0
20000.0
20000.0
20000.0
20000.0
20000.0
20000.0
19179.75
18253.380859375
17429.087890625
16669.32421875
15996.2998046875
15478.576171875
14952.12890625
14437.634765625
13933.27734375
13488.970703125
13068.6181640625
12721.8056640625
12416.48046875
12118.841796875
11844.1875
11570.2841796875
11309.8896484375
11088.169921875
10859.0771484375
10650.005859375
10444.384765625
10259.427734375
10196.0205078125
10157.8427734375
10131.9423828125
10114.6337890625
10103.0888671875
10095.3837890625
10090.2373046875
10079.833984375
10030.2451171875
9940.830078125
9865.9384765625
9657.81640625
9421.8125
9227.052734375
9056.0634765625
8901.314453125
8748.5283203125
8593.34765625
8449.189453125
8300.453125
8159.2587890625
8015.53564453125
7881.740234375
7763.51953125
7649.0068359375
7541.48291015625
7430.13818359375
7322.107421875
7226.962890625
7124.544921875
7028.63427734375
6932.60888671875
6842.26708984375
6755.32568359375
6676.37353515625
6600.82275390625
6520.82421875
6442.62744140625
6362.38623046875
6284.90380859375
6218.337890625
6149.01611328125
6085.09521484375
6021.4453125
5961.16650390625
5900.7978515625
5842.72607421875
5791.53564453125
5742.17529296875
5695.02978515625
5646.912109375
5600.53857421875
5560.56201171875
5517.96630859375
5478.19921875
5438.27001953125
5400.24169921875
5361.98095703125
5324.15380859375
5287.17041015625
5246.171875
5204.64599609375
5160.43212890625
