20000.0
20000.0
20000.0
20000.0
20000.0
20000.0
20000.0
20000.0
20000.0
20000.0
20000.0
20000.0
20000.0
20000.0
20000.0
20000.0
20000.0
20000.0
20000.0
20000.0
20000.0
20000.0
20000.0
20000.0
20000.0
20000.0
20000.0
20000.0
19999.99609375
20000.0
20000.0
20000.0
20000.0
19999.998046875
20000.0
20000.0
20000.0
20000.0
20000.0
20000.0
20000.0
19330.083984375
18302.947265625
17297.26953125
16419.96875
15635.4677734375
14989.669921875
14396.58203125
13811.9423828125
13278.4765625
12808.1826171875
12429.2177734375
12065.5439453125
11725.93359375
11438.5439453125
11135.15625
10855.2431640625
10585.3935546875
10342.2734375
10114.501953125
9848.8564453125
9540.9306640625
9289.1162109375
9082.75
8896.185546875
8710.583984375
8551.2216796875
8363.232421875
8184.83447265625
8006.525390625
7843.25244140625
7687.90966796875
7544.3720703125
7412.150390625
7281.13232421875
7160.56982421875
7041.15576171875
6924.6748046875
6821.45166015625
6709.08056640625
6603.19970703125
6504.32080078125
6415.06689453125
6322.15966796875
6227.818359375
6137.4404296875
6047.962890625
5967.04150390625
5888.75244140625
5814.2431640625
5749.24853515625
5680.2421875
5616.86279296875
5558.67822265625
5504.3544921875
5449.1298828125
5395.66259765625
5346.86328125
5298.11767578125
5253.0927734375
5208.6474609375
5166.0029296875
5128.54931640625
5087.82373046875
5048.93701171875
5006.67333984375
4963.48095703125
4916.9423828125
4869.20166015625
4818.20751953125
4719.10888671875
4625.2978515625
4528.9091796875
4440.95166015625
4363.599609375
4280.90234375
4202.8896484375
4123.599609375
4047.154296875
3968.20703125
3889.75390625
3814.448974609375
3737.927490234375
3665.21142578125
3591.64453125
