20000.0
20000.0
20000.0
19999.990234375
20000.0
20000.0
20000.0
20000.0
20000.0
20000.0
20000.0
20000.0
20000.0
20000.0
20000.0
20000.0
20000.0
20000.0
20000.0
20000.0
20000.0
20000.0
20000.0
20000.0
20000.0
19999.99609375
20000.0
20000.0
19999.994140625
19999.998046875
20000.0
19999.98828125
19999.9921875
19999.99609375
19999.998046875
19999.998046875
20000.0
20000.0
20000.0
20000.0
20000.0
20000.0
19345.669921875
18316.357421875
17312.34375
16436.619140625
15641.189453125
14973.0185546875
14383.4443359375
13826.8974609375
13283.7109375
12810.779296875
12428.623046875
12062.208984375
11721.37109375
11433.3955078125
11135.380859375
10857.17578125
10584.5048828125
10338.0869140625
10112.3759765625
9875.2333984375
9609.771484375
9326.9609375
9097.56640625
8900.2509765625
8707.4150390625
8545.396484375
8365.337890625
8180.98046875
7997.2470703125
7832.107421875
7675.7412109375
7530.31689453125
7395.9267578125
7265.611328125
7146.66650390625
7030.10546875
6915.80810546875
6812.41015625
6699.15087890625
6592.42236328125
6489.6552734375
6400.3427734375
6308.66064453125
6215.14892578125
6125.0234375
6035.11181640625
5953.37255859375
5874.4501953125
5799.85546875
5734.7431640625
5665.453125
5601.59619140625
5542.873046875
5488.74951171875
5433.9130859375
5380.56787109375
5331.50439453125
5282.7470703125
5237.96044921875
5193.67431640625
5151.20703125
5113.94580078125
5073.50390625
5034.85595703125
4993.2919921875
4950.55908203125
4904.53759765625
4857.28466796875
4810.66015625
4713.26123046875
4620.77978515625
4525.19775390625
4437.5380859375
4360.4794921875
4278.05224609375
4200.26025390625
4121.41748046875
4045.464111328125
3967.051025390625
3889.06640625
3814.168701171875
3738.02490234375
3665.622802734375
3592.35205078125
