20000.0
20000.0
20000.0
20000.0
20000.0
20000.0
20000.0
20000.0
20000.0
20000.0
20000.0
20000.0
20000.0
20000.0
20000.0
20000.0
20000.0
20000.0
20000.0
20000.0
20000.0
20000.0
20000.0
20000.0
20000.0
20000.0
20000.0
20000.0
20000.0
19999.4453125
20000.0
20000.0
19999.994140625
20000.0
19999.96484375
20000.0
20000.0
19999.9921875
20000.0
20000.0
20000.0
20000.0
20000.0
20000.0
19999.998046875
19192.744140625
18210.392578125
17293.70703125
16481.125
15787.91796875
15182.9970703125
14646.7861328125
14085.7890625
13563.044921875
13127.6025390625
12728.28515625
12389.6533203125
12063.2509765625
11765.7392578125
11471.1484375
11190.419921875
10935.3583984375
10689.544921875
10466.2724609375
10248.4482421875
9992.296875
9744.107421875
9495.8837890625
9296.39453125
9113.2705078125
8952.3798828125
8788.4091796875
8617.0322265625
8457.3984375
8291.126953125
8135.4013671875
7977.833984375
7829.427734375
7706.46240234375
7579.2265625
7460.25830078125
7340.63916015625
7228.9716796875
7116.67041015625
7008.181640625
6906.39599609375
6803.751953125
6706.77587890625
6615.72412109375
6530.90966796875
6454.193359375
6367.50341796875
6283.27783203125
6198.17919921875
6119.64111328125
6043.76123046875
5972.181640625
5905.7099609375
5839.3271484375
5777.2880859375
5715.97314453125
5660.8876953125
5613.57666015625
5561.96875
5512.65478515625
5464.2294921875
5419.470703125
5374.90576171875
5331.4814453125
5291.45654296875
5251.62548828125
5213.80859375
5175.3291015625
5137.19970703125
5100.5478515625
5057.82861328125
5014.9521484375
4969.5634765625
4924.80712890625
4835.8251953125
4743.30810546875
4654.06689453125
4562.8955078125
4482.49072265625
4402.27734375
