20000.0
20000.0
20000.0
20000.0
20000.0
20000.0
20000.0
20000.0
20000.0
20000.0
20000.0
20000.0
20000.0
20000.0
20000.0
20000.0
20000.0
20000.0
20000.0
20000.0
20000.0
20000.0
20000.0
20000.0
20000.0
20000.0
20000.0
20000.0
20000.0
20000.0
20000.0
20000.0
20000.0
20000.0
20000.0
20000.0
20000.0
20000.0
20000.0
19999.99609375
19999.677734375
20000.0
20000.0
20000.0
20000.0
19999.998046875
20000.0
19614.376953125
18599.33984375
17652.333984375
16815.67578125
16106.2978515625
15499.1376953125
14924.4521484375
14339.166015625
13815.19921875
13383.76953125
12946.34765625
12590.1259765625
12262.0947265625
11955.4970703125
11654.515625
11373.9736328125
11122.849609375
10879.7705078125
10656.5244140625
10437.130859375
10229.5302734375
10047.5244140625
9804.5205078125
9587.42578125
9357.693359375
9167.1923828125
8997.662109375
8830.2666015625
8672.5927734375
8518.521484375
8363.3935546875
8207.23046875
8056.79931640625
7929.1220703125
7798.43994140625
7678.19580078125
7556.5732421875
7436.20263671875
7316.73876953125
7203.60009765625
7098.5361328125
6994.21337890625
6903.8603515625
6816.18603515625
6727.9599609375
6646.86767578125
6556.77294921875
6471.61767578125
6388.2431640625
6312.71142578125
6238.73095703125
6167.2978515625
6099.85400390625
6032.4580078125
5970.2724609375
5912.404296875
5857.19140625
5808.16455078125
5755.45068359375
5706.99951171875
5658.99462890625
5614.3154296875
5569.16650390625
5524.79150390625
5481.8701171875
5434.21337890625
5385.78955078125
5333.89111328125
5280.7275390625
5221.95263671875
5115.28076171875
5015.48779296875
4912.51220703125
4814.31689453125
4715.70068359375
4620.51953125
4536.7431640625
4453.98486328125
4375.5390625
4295.21484375
