20000.0
19999.98828125
20000.0
20000.0
20000.0
20000.0
20000.0
20000.0
20000.0
20000.0
20000.0
20000.0
20000.0
20000.0
20000.0
20000.0
20000.0
20000.0
20000.0
20000.0
20000.0
20000.0
20000.0
20000.0
20000.0
20000.0
20000.0
20000.0
20000.0
19999.94140625
19999.935546875
19999.998046875
20000.0
20000.0
20000.0
19999.998046875
20000.0
20000.0
20000.0
20000.0
20000.0
19212.89453125
18253.396484375
17322.697265625
16512.671875
15777.689453125
15191.9833984375
14592.689453125
14019.3818359375
13526.359375
13065.55078125
12658.0087890625
12259.3994140625
11890.6171875
11619.9345703125
11343.0654296875
11091.2353515625
10845.0869140625
10620.638671875
10402.4248046875
10197.34375
10009.19140625
9824.3251953125
9651.765625
9466.0947265625
9293.77734375
9147.3623046875
8995.08203125
8821.73828125
8659.5771484375
8523.8173828125
8394.4697265625
8263.4619140625
8126.85009765625
7988.8515625
7855.3330078125
7719.1279296875
7586.4833984375
7476.9638671875
7367.34619140625
7264.5791015625
7165.22216796875
7067.451171875
6963.30078125
6860.46484375
6764.1318359375
6670.1591796875
6587.31787109375
6507.228515625
6429.42333984375
6360.625
6287.4951171875
6221.48779296875
6162.1572265625
6107.0419921875
6050.87060546875
5995.83349609375
5943.04150390625
5882.52099609375
5820.62255859375
5754.32373046875
5669.07763671875
5549.34423828125
5425.083984375
5304.01123046875
5180.90966796875
5065.6865234375
4951.3359375
4841.45263671875
4738.107421875
4632.73681640625
4536.87646484375
4442.646484375
4350.56689453125
4269.09375
4180.666015625
4096.919921875
4012.214111328125
3931.7109375
3846.52197265625
3763.164306640625
3685.124755859375
3607.01904296875
3533.54296875
3459.51806640625
