20000.0
20000.0
20000.0
20000.0
20000.0
20000.0
20000.0
20000.0
20000.0
20000.0
20000.0
20000.0
20000.0
20000.0
20000.0
20000.0
20000.0
20000.0
20000.0
20000.0
20000.0
20000.0
20000.0
20000.0
20000.0
20000.0
20000.0
20000.0
19999.9921875
19999.98828125
19999.99609375
20000.0
20000.0
19999.982421875
20000.0
20000.0
20000.0
19999.998046875
19075.30078125
18084.375
17121.767578125
16272.9189453125
15588.57421875
14900.76171875
14281.4033203125
13717.0927734375
13225.8505859375
12798.4169921875
12390.427734375
11972.998046875
11583.0380859375
11238.115234375
10954.2255859375
10698.3701171875
10480.5908203125
10247.27734375
10023.9423828125
9802.01953125
9599.6591796875
9402.9384765625
9217.306640625
9047.08203125
8880.501953125
8727.1513671875
8575.7958984375
8430.326171875
8303.7373046875
8168.96044921875
8044.28466796875
7907.78955078125
7786.4580078125
7669.09375
7557.3828125
7453.5234375
7345.22021484375
7223.77783203125
7115.6259765625
7019.08251953125
6931.16796875
6840.65966796875
6759.34130859375
6664.427734375
6568.45068359375
6472.84716796875
6378.50048828125
6280.60009765625
6199.740234375
6128.78857421875
6057.07275390625
5989.91552734375
5930.90380859375
5862.51171875
5795.04052734375
5725.74560546875
5659.49853515625
5592.787109375
5528.8759765625
5471.57861328125
5416.02197265625
5364.3251953125
5312.466796875
5261.96728515625
5217.86181640625
5170.8310546875
5130.267578125
5089.76025390625
5050.55419921875
5010.63671875
4972.892578125
4937.890625
4902.99853515625
4870.43359375
4837.4658203125
4804.81298828125
4775.49951171875
4742.59814453125
4707.58642578125
4669.2373046875
4630.74365234375
4589.97119140625
4534.0732421875
4448.9794921875
4364.50927734375
4289.0625
4212.17041015625
