20000.0
19999.953125
20000.0
20000.0
20000.0
20000.0
20000.0
20000.0
20000.0
20000.0
20000.0
20000.0
20000.0
20000.0
20000.0
20000.0
20000.0
20000.0
20000.0
20000.0
20000.0
20000.0
20000.0
20000.0
20000.0
20000.0
20000.0
20000.0
20000.0
20000.0
20000.0
19999.994140625
20000.0
19999.99609375
20000.0
20000.0
19999.998046875
20000.0
20000.0
19999.998046875
20000.0
20000.0
19505.3515625
18439.505859375
17521.271484375
16702.427734375
16049.501953125
15361.3564453125
14740.1708984375
14207.9033203125
13711.2822265625
13260.5234375
12827.3623046875
12427.1123046875
12101.6982421875
11807.33203125
11539.740234375
11280.3486328125
11045.767578125
10818.5146484375
10603.3828125
10405.111328125
10198.2255859375
10005.1298828125
9818.7783203125
9645.5107421875
9474.04296875
9282.51953125
9122.9560546875
8980.3076171875
8824.326171875
8662.46484375
8519.841796875
8370.95703125
8218.4228515625
8073.76171875
7934.625
7806.501953125
7702.20556640625
7587.919921875
7475.2421875
7356.8994140625
7245.91455078125
7136.58251953125
7036.099609375
6945.12158203125
6855.0302734375
6771.68212890625
6691.15869140625
6619.7099609375
6558.99609375
6492.3583984375
6425.65869140625
6351.37353515625
6276.33447265625
6196.15771484375
6047.6240234375
5905.99560546875
5764.28125
5627.4794921875
5489.66162109375
5357.20068359375
5242.064453125
5118.49462890625
5000.880859375
4882.6982421875
4770.81201171875
4659.09814453125
4557.1474609375
4461.33544921875
4365.56494140625
4274.9033203125
4181.421875
4087.090576171875
4004.4091796875
3915.98388671875
3832.93701171875
3749.35791015625
3670.365234375
3590.575927734375
3512.1552734375
3436.930419921875
3359.87353515625
3286.606689453125
3212.7236328125
