20000.0
20000.0
20000.0
20000.0
20000.0
20000.0
20000.0
19999.99609375
20000.0
20000.0
20000.0
20000.0
20000.0
20000.0
20000.0
20000.0
20000.0
20000.0
20000.0
20000.0
20000.0
20000.0
20000.0
20000.0
20000.0
20000.0
20000.0
19999.517578125
20000.0
20000.0
19999.994140625
20000.0
20000.0
19999.994140625
20000.0
20000.0
20000.0
19999.998046875
20000.0
20000.0
19661.037109375
18640.78515625
17642.595703125
16792.92578125
16037.3876953125
15418.6689453125
14757.6064453125
14171.73046875
13664.4833984375
13188.16015625
12764.3994140625
12345.51171875
11996.2958984375
11717.6640625
11430.3515625
11169.9423828125
10917.1259765625
10686.4130859375
10461.92578125
10250.216796875
10056.1630859375
9866.8486328125
9678.013671875
9466.1650390625
9247.6142578125
9081.6015625
8917.0791015625
8748.5546875
8588.203125
8444.9091796875
8300.9169921875
8150.9453125
8009.765625
7863.6533203125
7730.30322265625
7605.71875
7488.19384765625
7382.69091796875
7265.2841796875
7163.60986328125
7060.7802734375
6960.34375
6857.68994140625
6759.29296875
6670.06787109375
6584.29345703125
6505.31884765625
6426.58837890625
6349.16357421875
6281.9296875
6213.2265625
6153.51220703125
6094.25439453125
6038.505859375
5982.8544921875
5928.173828125
5874.67822265625
5814.0830078125
5752.4599609375
5686.47021484375
5595.513671875
5477.98486328125
5352.84619140625
5232.01123046875
5109.8515625
4994.78857421875
4880.9951171875
4771.54931640625
4667.966796875
4566.43017578125
4473.44775390625
4379.32666015625
4287.2109375
4205.59521484375
4117.05126953125
4033.145263671875
3948.350830078125
3866.951416015625
3781.26708984375
3698.27099609375
3620.712646484375
3543.11474609375
3470.078369140625
3396.42626953125
